0.161919
0.015737
0.027168
0.038241
0.009276
0.015156
0.036032
0.029122
0.016834
0.026814
0.009919
0.016805
0.018579
0.023380
0.011807
0.016732
0.018262
0.010198
0.038966
0.009364
0.038197
0.023885
0.022804
0.022671
0.013847
0.017799
0.027698
0.022736
0.017734
0.017114
0.046566
0.014754
0.019027
0.014556
0.013352
0.072165
0.013849
0.013298
0.021451
0.010275
0.015028
0.026540
0.013682
0.024164
0.016872
0.008529
0.016719
0.010120
0.019523
0.024315
0.020050
0.032816
0.008718
0.009291
0.016274
0.009263
0.022602
0.013228
0.026064
0.025426
0.022579
0.014895
0.024726
0.013838
0.011040
0.043688
0.026472
0.010328
0.015646
0.010225
0.014553
0.015032
0.015200
0.021090
0.011520
0.014378
0.010303
0.018833
0.027220
0.015444
0.008897
0.010024
0.025986
0.032160
0.009972
0.024502
0.014607
0.047103
0.013710
0.012489
0.010648
0.010614
0.010755
0.014319
0.010814
0.011002
0.015597
0.009584
0.040041
0.022099
0.011464
0.010422
0.012356
0.023913
0.021282
0.009324
0.017101
0.010696
0.016675
0.010606
0.016123
0.017099
0.009951
0.018625
0.014086
0.024134
0.009367
0.019741
0.023026
0.022773
0.020664
0.016185
0.020793
0.012440
0.024807
0.009122
0.020254
0.010857
0.101207
0.026128
0.094337
0.019498
0.008915
0.008630
0.010173
0.033360
0.030074
0.015006
0.033312
0.017926
0.011065
0.011337
0.018818
0.020562
0.016240
0.009195
0.009699
0.016328
0.010020
0.027771
0.022531
0.024017
0.010637
0.020335
0.019305
0.013193
0.024990
0.017292
0.009901
0.036327
0.023236
0.010041
0.009238
0.010309
0.009356
0.018908
0.010572
0.024368
0.019947
0.010494
0.011529
0.016884
0.008691
0.054067
0.010150
0.011387
0.011155
0.011010
0.010225
0.010315
0.012861
0.010825
0.015552
0.018051
0.014512
0.028257
0.010883
0.018592
0.008734
0.021564
0.027362
0.010451
0.011256
0.010876
0.011917
0.032883
0.026454
0.018042
0.015598
0.008761
0.011393
0.016709
0.016178
0.013774
0.015857
0.030287
0.014593
0.016331
0.009978
0.013242
0.013912
0.017632
0.021806
0.011548
0.018128
0.021977
0.055517
0.017102
0.021347
0.032168
0.020728
0.017947
0.017481
0.020038
0.011178
0.019902
0.018800
0.016170
0.010832
0.022056
0.010502
0.015106
0.019924
0.018977
0.027155
0.009336
0.009068
0.039280
0.011329
0.024281
0.014963
0.011138
0.018508
0.009733
0.013177
0.030683
0.020689
0.059054
0.016379
0.017383
0.010557
0.023296
0.011541
0.010271
0.012620
0.011480
0.013195
0.010868
0.015257
0.007008
0.013355
0.008130
0.019952
0.011293
0.015170
0.016258
0.016428
0.009641
0.039378
0.037554
0.026360
0.009874
0.020758
0.037583
0.013332
0.018923
0.008682
0.023519
0.021061
0.015074
0.017470
0.031482
0.015042
0.011668
0.019713
0.012690
0.016121
0.017172
0.014900
0.020133
0.009140
0.008961
0.018996
0.010058
0.010700
0.022363
0.022910
0.021485
0.028323
0.028465
0.013900
0.013895
0.017940
0.009736
0.012196
0.017057
0.028130
0.020755
0.019905
0.020682
0.010144
0.008871
0.022109
0.015610
0.013355
0.016423
0.011900
0.032285
0.050906
0.019208
0.010210
0.020125
0.010332
0.022143
0.018937
0.010743
0.009992
0.010016
0.020485
0.009165
0.016581
0.010297
0.009932
0.010168
0.028499
0.010907
0.008948
0.012034
0.015986
0.018085
0.019929
0.015012
0.086340
0.047914
0.014988
0.011705
0.020380
0.025779
0.017635
0.033213
0.015716
0.010322
0.009889
0.009278
0.023112
0.009248
0.008987
0.014715
0.011682
0.023448
0.019074
0.016979
0.024688
0.023493
0.016919
0.019299
0.010683
0.011234
0.057607
0.037797
0.020332
0.013683
0.016226
0.057419
0.010121
0.015233
0.008848
0.026536
0.009006
0.019942
0.017533
0.013667
0.009495
0.008073
0.031362
0.010644
0.011096
0.011149
0.010476
0.020753
0.029625
0.021498
0.017247
0.029771
0.009321
0.017306
0.039321
0.013813
0.023259
0.030837
0.018070
0.009140
0.022447
0.009170
0.039578
0.023914
0.014457
0.010736
0.013289
0.023909
0.031987
0.011219
0.013707
0.008172
0.025512
0.098997
0.024276
0.015312
0.013944
0.025233
0.026232
0.014210
0.016416
0.008718
0.014614
0.023462
0.010689
0.008826
0.010496
0.015236
0.010365
0.009126
0.022613
0.013997
0.018877
0.013238
0.008493
0.021571
0.012902
0.012142
0.018809
0.014450
0.015871
0.037808
0.014109
0.023916
0.016063
0.031001
0.021229
0.021091
0.017008
0.013978
0.010544
0.037026
0.010241
0.036765
0.015770
0.015766
0.019186
0.025203
0.022746
0.012103
0.049280
0.042892
0.015504
0.008185
0.010276
0.012595
0.012809
0.013330
0.015887
0.028585
0.024133
0.017643
0.014396
0.010999
0.011666
0.009714
0.034393
0.010465
0.010285
0.010397
0.010755
0.010272
0.008469
0.025537
0.015454
0.018942
0.008674
0.035815
0.032631
0.036505
0.010020
0.022423
0.011218
0.011037
0.011047
0.021175
0.029815
0.008702
0.020360
0.010417
0.020480
0.010607
0.014830
0.030705
0.065964
0.060820
0.011099
0.019788
0.021167
0.011638
0.024199
0.010678
0.017978
0.009184
0.010012
0.031655
0.011271
0.016076
0.016176
0.010305
0.017706
0.009108
0.034091
0.029774
0.010690
0.009383
0.010608
0.023018
0.029844
0.016211
0.065943
0.018036
0.011537
0.012772
0.016462
0.027615
0.010177
0.019885
0.029933
0.015838
0.010790
0.009462
0.017177
0.026289
0.009410
0.015890
0.034201
0.012511
0.021697
0.026439
0.010087
0.017276
0.009210
0.011425
0.030054
0.009618
0.011345
0.010441
0.008591
0.020679
0.022129
0.017755
0.015163
0.012380
0.016365
0.009086
0.010523
0.014952
0.019947
0.040297
0.042216
0.024702
0.009465
0.010885
0.028674
0.018575
0.040935
0.029709
0.014508
0.011456
0.011342
0.019723
0.010040
0.019047
0.009294
0.060776
0.025023
0.011404
0.017269
0.018639
0.023372
0.010871
0.012021
0.012745
0.014795
0.017768
0.016085
0.010689
0.008468
0.017137
0.010796
0.008791
0.017742
0.025792
0.026426
0.030612
0.018053
0.014598
0.010820
0.026834
0.015529
0.025308
0.013684
0.011047
0.009901
0.011199
0.017385
0.025733
0.009479
0.016486
0.022670
0.027043
0.013865
0.061829
0.062092
0.012150
0.017744
0.021065
0.008969
0.023298
0.011520
0.012263
0.019850
0.029345
0.090423
0.008615
0.020597
0.014671
0.017608
0.053266
0.009078
0.016832
0.008725
0.020291
0.018048
0.022450
0.012697
0.016620
0.013773
0.018093
0.014869
0.027525
0.015540
0.016081
0.021160
0.009216
0.010203
0.033702
0.016804
0.011343
0.021910
0.019644
0.009042
0.012591
0.011135
0.019278
0.017892
0.017661
0.024474
0.024425
0.010452
0.023219
0.011259
0.022188
0.009301
0.013877
0.017504
0.010902
0.013650
0.010313
0.021440
0.011472
0.013982
0.016651
0.019939
0.019514
0.010590
0.018850
0.010437
0.010343
0.023498
0.014802
0.014719
0.016006
0.008964
0.009502
0.015189
0.013710
0.010860
0.010583
0.018506
0.009921
0.019080
0.024513
0.018147
0.017846
0.069448
0.018382
0.010672
0.017878
0.019531
0.029821
0.037496
0.021096
0.018017
0.019162
0.047659
0.011301
0.017846
0.022226
0.015613
0.019831
0.010155
0.011570
0.043295
0.017830
0.033560
0.048602
0.017204
0.024386
0.043293
0.019185
0.009987
0.012807
0.019079
0.009056
0.016996
0.028631
0.014059
0.010010
0.010289
0.047985
0.013500
0.008862
0.015463
0.009765
0.027456
0.029028
0.021959
0.020346
0.046124
0.010054
0.010368
0.019925
0.033154
0.018254
0.073614
0.019324
0.012481
0.009914
0.018467
0.018003
0.011602
0.016739
0.009029
0.026382
0.008590
0.010778
0.019421
0.030405
0.009319
0.010462
0.018613
0.015013
0.021340
0.017466
0.040400
0.017664
0.019769
0.018283
0.013846
0.026864
0.013938
0.014450
0.039232
0.011333
0.008673
0.027587
0.019443
0.025208
0.015391
0.011683
0.028946
0.010262
0.010835
0.019091
0.020772
0.024693
