14.029453
4.840919
7.975585
6.875903
8.799697
9.483102
8.587045
31.430265
15.548001
8.837257
3.608049
8.130667
13.528958
7.616432
3.455531
8.867053
12.988087
4.521685
7.183285
2.676604
14.538686
7.452593
7.204384
6.173878
13.622923
8.660017
8.763585
20.701570
13.525720
8.381266
8.323291
7.118964
13.193853
9.037256
7.209300
9.613023
13.810139
8.293007
7.000467
2.752575
13.941621
9.408440
7.662231
6.387172
15.437724
4.574935
7.322057
2.867669
13.358187
9.194476
53.565188
8.462185
8.185954
4.763976
7.935489
2.731911
13.597140
8.252241
7.642915
7.620394
12.817286
7.692944
7.650793
7.590910
9.003870
9.859366
8.526717
2.630936
12.772142
4.924528
7.560534
5.504599
13.233106
8.216033
3.376148
7.582662
8.718067
7.706005
6.645538
7.434688
8.645135
4.720320
8.811415
8.093000
8.302609
8.064388
7.918423
7.470117
8.884772
7.617898
3.424927
2.738473
11.385893
87.683610
17.627279
18.685566
13.347557
4.518092
8.203208
7.068693
8.766693
4.448539
7.435577
12.151097
14.362547
4.480771
6.875913
2.774000
14.076751
4.459969
7.754426
7.449956
8.978660
7.868042
6.515048
6.186076
8.053105
8.883706
6.715351
6.695251
16.015064
8.227778
7.234771
7.086308
14.731076
4.483232
8.654233
2.664993
17.170211
8.754817
32.321126
7.314360
8.934252
4.604100
3.311562
7.871967
15.577879
8.243859
7.841939
7.391507
8.770210
4.605328
7.156600
8.141719
13.429573
4.710812
3.380510
6.803038
8.753484
6.911895
7.743062
16.590573
8.880320
7.857436
7.449555
7.183223
20.903166
8.675053
3.295079
13.844364
13.486804
4.784872
3.516445
2.870841
8.257310
8.402648
3.425135
8.057667
11.791829
4.804046
3.506637
6.258916
8.839890
21.119010
3.555936
2.657414
8.558765
4.697799
3.503735
2.762079
8.671459
7.967661
6.735637
6.336319
30.326014
14.253150
12.088916
5.745945
8.264402
8.076607
30.706497
2.982811
8.878317
4.857384
3.300787
8.972450
12.987162
7.878064
7.681109
2.637543
8.435166
8.581276
7.335552
6.361526
13.766049
9.339353
6.894716
6.616059
8.443442
9.052036
7.612864
6.106209
13.227257
4.533332
6.583592
7.005041
14.983345
8.536822
7.195715
6.278540
14.025006
7.064968
6.636802
12.247646
8.893824
8.107995
7.252747
7.449059
8.462344
41.776414
3.326935
5.113279
12.764925
9.214794
12.169009
2.844272
9.013546
7.745296
7.638363
7.585201
14.530791
4.828600
6.675198
2.756400
12.219672
41.126016
6.788932
6.409244
13.846606
9.542193
3.564182
6.523886
37.929355
41.563752
15.842235
25.527288
13.073272
4.588525
7.603833
2.581366
14.251945
4.553637
6.637752
2.859273
14.223381
8.484747
7.056563
2.822078
14.070367
8.457681
7.625556
2.852814
18.153480
9.595709
7.135121
6.770410
8.923942
7.363166
26.961929
31.049735
11.686061
7.627980
6.107599
6.858191
14.798405
6.476788
7.079980
6.504573
14.162033
7.935504
3.378035
2.795703
17.277530
4.368915
3.343130
7.410202
16.802617
8.700731
7.941833
6.939562
12.981652
8.990256
7.450166
2.683554
8.370662
8.097575
24.738178
5.810563
13.088055
10.368344
3.367244
2.641118
14.427789
8.793781
6.577463
6.727278
13.106689
7.359904
12.449930
7.304969
8.333905
7.462993
3.391503
7.325496
36.668821
4.494626
3.459111
2.821156
12.833266
4.838706
7.447763
2.736857
8.682619
4.738285
7.445814
2.655972
8.579958
7.070045
7.155569
5.980746
14.705446
8.340798
6.836657
7.693786
13.188937
4.334802
9.183294
6.493496
12.778251
16.444347
6.714507
2.823180
8.698590
4.818454
7.859380
2.657757
8.215219
10.358876
3.467598
6.201449
13.683359
8.392065
8.281686
6.135445
15.334570
7.705777
3.320714
2.679889
24.848349
20.663811
7.532479
6.036564
13.233418
8.110447
3.243794
7.776760
8.123485
8.192115
3.271409
7.460562
13.794919
7.849636
3.328821
2.721379
15.912024
9.329592
3.322870
6.239139
8.468455
9.408441
9.097923
8.063670
56.794867
34.835432
21.772273
18.374939
38.785742
9.567051
7.656751
6.075880
12.968810
4.717754
49.135680
2.920727
73.900092
20.820757
6.616432
2.851758
16.875240
16.449329
16.374671
2.732157
11.347728
4.700306
7.109180
28.431490
30.457016
7.735266
6.996762
31.931480
13.363356
8.430997
5.924238
2.903144
13.023949
7.508597
3.454272
2.951937
8.778686
8.310253
3.304396
2.692052
18.774720
7.124072
7.824363
2.742552
8.742807
9.359750
7.060355
2.757867
14.277979
7.535520
6.678136
49.630445
8.711533
27.638537
76.854490
6.142015
13.843114
7.746589
8.115825
6.292419
9.018098
9.172000
3.622980
7.117751
11.475284
7.829215
7.169537
8.138821
24.885803
4.495134
6.641916
5.960118
12.095614
4.649979
3.427731
7.278980
15.017388
7.432801
7.401816
9.358730
11.725620
7.658808
8.094603
5.965156
8.888371
4.792083
8.008585
2.724439
10.316680
4.615877
3.508141
2.786230
8.879909
8.480956
7.375124
9.800663
8.166866
8.392428
6.901616
7.548583
8.705819
7.951799
3.294421
2.546830
9.017820
8.826111
6.428999
2.844069
14.212852
4.697111
8.858793
2.614923
12.165460
9.455716
8.184893
6.942676
8.387665
9.183425
7.875982
2.915012
13.275146
4.606875
7.211763
2.689896
8.133957
10.435258
3.296841
7.639180
14.984580
4.589846
7.756979
2.684177
13.656379
11.287039
3.405144
6.038715
8.663482
8.771904
6.363688
6.795814
15.703425
9.355386
3.451425
6.514745
20.997107
10.922250
3.423188
8.036145
13.297448
8.177144
3.420582
2.695505
12.523182
8.773723
3.299709
8.380471
36.134501
8.274492
6.927491
8.661477
8.838793
8.383114
3.277710
2.720128
52.700271
4.629510
3.412650
2.693386
8.897689
8.517870
7.401121
15.367480
13.639985
9.805038
25.143855
2.665975
8.529832
7.216577
7.775310
35.204068
17.022896
7.841383
3.479247
2.707436
12.795230
8.659975
6.587656
6.662005
14.765079
4.503897
3.302334
7.615705
9.090704
10.295955
3.349696
7.597471
33.083187
4.689312
6.827853
7.720675
13.693006
8.024485
3.312614
6.103608
15.195683
8.827019
8.153513
2.664229
8.725293
8.642570
3.293895
2.726010
13.005873
8.500896
7.384051
7.401080
16.302097
8.452808
3.312772
6.007155
12.598342
10.972713
7.109506
2.700506
8.899762
7.856529
7.791627
5.544936
9.008161
8.251277
7.313640
7.775081
11.375342
9.764023
6.965684
7.338638
14.241399
26.494473
3.356485
7.005667
14.151034
10.554770
7.907423
7.099157
12.529657
4.348249
6.444599
7.316214
18.228322
8.005664
3.408494
7.369859
8.498206
8.839340
14.247982
6.669959
12.225318
8.474381
6.648465
6.751449
12.475128
7.675641
6.209014
7.325725
11.985255
4.611720
3.445312
7.503465
13.758332
4.461997
6.861172
6.649858
8.558114
8.711449
3.263202
7.462237
13.035702
7.356619
7.378771
7.195984
8.783340
7.503872
3.269245
7.494870
8.217943
9.107067
7.645344
2.723885
15.937487
4.724620
7.474965
7.669190
13.382688
13.086010
6.435097
7.722334
9.061770
7.972350
3.448888
2.642046
12.786000
7.449690
7.171706
6.861426
8.664788
4.442215
7.511552
7.765116
8.800778
4.574967
11.465757
2.879666
12.835231
8.649802
7.900236
6.118668
12.409837
8.564654
3.422623
7.826743
13.005758
8.441318
7.262222
6.783898
14.420891
8.679293
7.359406
3.014280
12.800338
8.994389
7.962207
6.879823
8.269288
4.734114
8.696087
5.762314
13.865608
8.792794
7.014347
6.980959
19.709047
8.472180
3.476606
2.589319
12.700198
4.992035
7.372060
9.216007
12.144214
4.785584
3.345751
6.587738
16.569870
4.846004
7.846790
2.756388
12.723933
8.968826
7.350690
6.940618
13.411579
4.571666
3.386009
13.636523
13.793703
8.311747
6.265718
7.243719
17.196815
4.714243
31.294070
7.206610
13.293007
9.221951
3.433480
17.043099
9.019713
4.650992
7.005898
7.364296
8.699272
4.598159
6.968337
7.406200
76.457330
8.654029
7.701504
6.975159
12.907231
8.256186
7.154513
6.823174
13.160285
8.632000
5.639778
2.682619
8.650833
8.757033
7.235605
7.447855
13.434115
7.898854
21.132847
2.746977
8.393851
8.751236
9.060913
7.395567
