0.033133
0.001773
0.000697
0.000868
0.000708
0.000841
0.000688
0.000702
0.000739
0.000807
0.000815
0.000682
0.000836
0.000718
0.000687
0.000725
0.000726
0.000689
0.000718
0.000683
0.000706
0.000717
0.000720
0.000689
0.000678
0.000686
0.000722
0.000694
0.000680
0.000681
0.000706
0.000684
0.000705
0.000692
0.000781
0.000694
0.000683
0.000813
0.000693
0.000679
0.000831
0.000680
0.000689
0.000681
0.000685
0.000690
0.000858
0.000859
0.000702
0.000727
0.000692
0.000679
0.000685
0.000686
0.000704
0.000814
0.000706
0.000685
0.000712
0.000689
0.000686
0.000690
0.000694
0.000802
0.001356
0.000707
0.000683
0.000683
0.000734
0.000688
0.000713
0.000736
0.000692
0.000695
0.000692
0.000688
0.000803
0.000835
0.000808
0.000878
0.000691
0.000684
0.000687
0.000682
0.000687
0.000702
0.000685
0.000811
0.000716
0.000700
0.000687
0.000691
0.000879
0.000707
0.000680
0.000677
0.000794
0.000681
0.000689
0.000745
0.000794
0.000799
0.000870
0.000690
0.000714
0.000840
0.000699
0.000682
0.000883
0.000725
0.000858
0.000812
0.000703
0.000698
0.000676
0.000739
0.000680
0.000856
0.000822
0.000846
0.000690
0.000811
0.000884
0.000836
0.000706
0.000804
0.000805
0.000686
0.000689
0.000689
0.000690
0.000707
0.000703
0.000679
0.000680
0.000699
0.000696
0.000843
0.000688
0.000858
0.000724
0.000678
0.000692
0.000707
0.000685
0.000688
0.000688
0.000714
0.000691
0.000736
0.000695
0.000794
0.000684
0.000846
0.000684
0.000688
0.000688
0.000779
0.000686
0.000700
0.000832
0.000706
0.000683
0.000696
0.000680
0.000791
0.000746
0.000681
0.000701
0.000689
0.000762
0.000701
0.000700
0.000688
0.000678
0.000803
0.000798
0.000806
0.000690
0.000696
0.000682
0.000694
0.000822
0.000683
0.000818
0.000682
0.000798
0.000770
0.000722
0.000683
0.000711
0.000708
0.000710
0.000680
0.000685
0.000679
0.000730
0.000677
0.000684
0.000682
0.000808
0.000705
0.000847
0.000681
0.000686
0.000786
0.000770
0.000682
0.000698
0.000708
0.000841
0.000683
0.000829
0.000829
0.000689
0.000770
0.000682
0.000683
0.000697
0.000678
0.000909
0.000689
0.000695
0.000679
0.000781
0.000805
0.000843
0.000680
0.000693
0.000684
0.000718
0.000918
0.000692
0.000682
0.000721
0.000703
0.000806
0.000695
0.000684
0.000798
0.000693
0.000802
0.000680
0.000685
0.000815
0.000682
0.000687
0.000792
0.000907
0.000689
0.000690
0.000834
0.000682
0.000678
0.000783
0.000686
0.000811
0.000683
0.000729
0.000683
0.000707
0.000685
0.000684
0.000673
0.000715
0.000691
0.000687
0.000689
0.000674
0.000857
0.000683
0.000681
0.000688
0.000851
0.000686
0.000861
0.000872
0.000812
0.000778
0.000727
0.000687
0.000689
0.000696
0.000708
0.000710
0.000849
0.000683
0.000733
0.000679
0.000819
0.000686
0.000698
0.000725
0.000682
0.000792
0.000684
0.000831
0.000681
0.000755
0.000835
0.000732
0.000680
0.000688
0.000698
0.000695
0.000708
0.000864
0.000682
0.000685
0.000693
0.000691
0.000684
0.000697
0.000691
0.000807
0.000683
0.000683
0.000837
0.000837
0.000674
0.000700
0.000696
0.000828
0.000688
0.000689
0.000848
0.000723
0.000696
0.000701
0.000823
0.000680
0.000816
0.000703
0.000715
0.000698
0.000847
0.000713
0.000700
0.000830
0.000695
0.000687
0.000683
0.000860
0.000773
0.000699
0.000816
0.000697
0.000810
0.000688
0.000678
0.000680
0.000682
0.000688
0.000702
0.000683
0.000822
0.000851
0.000837
0.000679
0.000816
0.000706
0.000864
0.000749
0.000840
0.000704
0.000690
0.000699
0.000809
0.000683
0.000780
0.000757
0.000680
0.000690
0.000687
0.000686
0.000804
0.000686
0.000690
0.000680
0.000792
0.000679
0.000682
0.000692
0.000688
0.000682
0.000683
0.000686
0.000685
0.000678
0.000696
0.000842
0.000691
0.000821
0.000696
0.000703
0.000682
0.000693
0.000689
0.000842
0.000714
0.000703
0.000806
0.000679
0.000689
0.000688
0.000680
0.000776
0.000688
0.000684
0.000806
0.000872
0.000847
0.000693
0.000847
0.000687
0.000740
0.000688
0.000728
0.000676
0.000801
0.000689
0.000683
0.000678
0.000711
0.000815
0.000843
0.000684
0.000797
0.000836
0.000686
0.000686
0.000744
0.000807
0.000689
0.000688
0.000712
0.000679
0.000680
0.000681
0.000695
0.000692
0.000772
0.000686
0.000861
0.000799
0.000678
0.000690
0.000682
0.000682
0.000783
0.000831
0.000677
0.000698
0.000680
0.000818
0.000820
0.000685
0.000685
0.000681
0.000683
0.000863
0.000682
0.000684
0.000692
0.000907
0.000680
0.000707
0.000816
0.000814
0.000746
0.000817
0.000683
0.000699
0.000844
0.000700
0.000678
0.000811
0.000701
0.000689
0.000843
0.000711
0.000691
0.000682
0.000811
0.000682
0.000695
0.000682
0.000682
0.000694
0.000696
0.000677
0.000678
0.000687
0.000695
0.000682
0.000697
0.000848
0.000681
0.000680
0.000833
0.000793
0.000698
0.000820
0.000840
0.001067
0.000681
0.000691
0.000728
0.000691
0.000688
0.000674
0.000838
0.000677
0.000687
0.000822
0.000684
0.000707
0.000688
0.000685
0.000841
0.000903
0.000689
0.000827
0.000680
0.000829
0.000703
0.000742
0.000678
0.000692
0.000680
0.000685
0.000688
0.000701
0.000820
0.000874
0.000833
0.000706
0.000875
0.000738
0.000729
0.000680
0.000680
0.000732
0.000803
0.000685
0.000708
0.000682
0.000850
0.000820
0.000688
0.000679
0.000693
0.000683
0.000703
0.000681
0.000727
0.000827
0.000690
0.000721
0.000678
0.000829
0.000682
0.000683
0.000684
0.000684
0.000824
0.000827
0.000689
0.000749
0.000686
0.000720
0.000692
0.000814
0.000678
0.000680
0.000871
0.000683
0.000800
0.000693
0.000680
0.000680
0.001165
0.000677
0.000788
0.000684
0.000678
0.000688
0.000683
0.000685
0.000679
0.000682
0.000686
0.000808
0.000693
0.000809
0.000859
0.000684
0.000700
0.000684
0.000686
0.000680
0.000711
0.000798
0.000706
0.000754
0.000679
0.000682
0.000784
0.000681
0.000704
0.000692
0.000691
0.000832
0.000678
0.000686
0.000697
0.000793
0.000683
0.000680
0.000705
0.000680
0.000680
0.000825
0.000683
0.000681
0.000793
0.000680
0.000703
0.000686
0.000835
0.000695
0.000706
0.000684
0.000694
0.000681
0.000688
0.000681
0.000685
0.000726
0.000815
0.000831
0.000684
0.000822
0.000674
0.001100
0.000678
0.000811
0.000673
0.000712
0.000836
0.000682
0.000691
0.000678
0.000736
0.000683
0.000698
0.000691
0.000792
0.000682
0.000686
0.000684
0.000684
0.000684
0.000677
0.000699
0.000699
0.000859
0.000690
0.000846
0.000674
0.000861
0.000832
0.000838
0.000815
0.000676
0.000812
0.000685
0.000678
0.000840
0.000828
0.000685
0.000703
0.000762
0.000836
0.000846
0.000678
0.000672
0.000899
0.000847
0.000690
0.000680
0.000701
0.000680
0.000689
0.000679
0.000677
0.000701
0.000735
0.000680
0.000683
0.000679
0.000834
0.000684
0.000680
0.000854
0.000824
0.000697
0.000681
0.000676
0.000695
0.000788
0.000679
0.000695
0.000691
0.000831
0.000681
0.000678
0.000691
0.000679
0.000687
0.000690
0.000681
0.000703
0.000681
0.000684
0.000680
0.000723
0.000684
0.000680
0.000683
0.000777
0.000686
0.000819
0.000689
0.000691
0.000846
0.000697
0.000690
0.000682
0.000735
0.000686
0.000685
0.000713
0.000700
0.000690
0.000679
0.000692
0.000697
0.000870
0.000675
0.000677
0.000691
0.000676
0.000682
0.000824
0.000690
0.000811
0.000686
0.000682
0.000680
0.000701
0.000682
0.000669
0.000703
0.000729
0.000805
0.000674
0.000693
0.000675
0.000682
0.000678
0.000709
0.000678
0.000678
0.000679
0.000780
0.000680
0.000806
0.000676
0.000797
0.000680
0.000697
0.000768
0.000703
0.000834
0.000675
0.000674
0.000872
0.000715
0.000833
0.000686
0.000680
0.000707
0.000673
0.000695
0.000680
0.000725
0.000691
0.000799
0.000821
