0.671543
0.531021
0.544335
0.519261
0.525412
0.523184
0.516312
0.576809
0.582293
0.558385
0.559979
0.515721
0.561109
0.539607
0.529592
0.534036
0.508699
0.513657
0.539513
0.527337
0.517330
0.537905
0.522326
0.560311
0.514665
0.515110
0.550707
0.525715
0.509624
0.512352
0.511705
0.529564
0.523974
0.534804
0.567240
0.528740
0.541139
0.513384
0.538218
0.538471
0.548626
0.541097
0.519134
0.524489
0.514007
0.506589
0.509508
0.507464
0.510743
0.536002
0.515200
0.516113
0.535983
0.549742
0.522912
0.535179
0.499790
0.517341
0.542030
0.513900
0.531010
0.533527
0.534858
0.504199
0.528198
0.496998
0.507058
0.499952
0.536009
0.530162
0.521259
0.528701
0.519569
0.532056
0.516880
0.577219
0.518406
0.502746
0.529485
0.501989
0.542893
0.556343
0.518117
0.563587
0.545757
0.553863
0.624489
0.566549
0.511671
0.498917
0.517219
0.540452
0.550423
0.523011
0.510931
0.529517
0.525525
0.508837
0.523201
0.499761
0.534580
0.539972
0.535317
0.586306
0.502228
0.501357
0.533279
0.534408
0.542619
0.525315
0.529195
0.518941
0.494246
0.532661
0.502139
0.565106
0.540331
0.555460
0.542279
0.550718
0.538661
0.575103
0.554688
0.540061
0.505659
0.501491
0.528527
0.500783
0.531786
0.535060
0.555311
0.555308
0.529604
0.533114
0.533624
0.555605
0.515068
0.513911
0.558532
0.530765
0.502377
0.553799
0.521761
0.512032
0.509947
0.518931
0.500703
0.519068
0.567247
0.549071
0.630037
0.569291
0.517193
0.561194
0.520293
0.557784
0.526862
0.504132
0.503619
0.556563
0.535108
0.523763
0.522752
0.534238
0.540195
0.516885
0.559459
0.523543
0.536667
0.528941
0.559831
0.542791
0.509067
0.532772
0.537029
0.574908
0.538484
0.542495
0.535530
0.582022
0.539612
0.582088
0.528112
0.516592
0.537245
0.514389
0.531054
0.584835
0.503811
0.531686
0.548293
0.509380
0.578277
0.569878
0.543898
0.531151
0.539774
0.545327
0.518988
0.538424
0.507365
0.521598
0.525762
0.552934
0.523665
0.557503
0.545398
0.529542
0.533573
0.540185
0.520157
0.528432
0.528395
0.519995
0.560019
0.549451
0.507748
0.556411
0.560470
0.521618
0.514231
0.522888
0.523617
0.524101
0.539631
0.517084
0.536919
0.507323
0.535193
0.530646
0.533732
0.528926
0.522557
0.537036
0.542873
0.562390
0.517074
0.521217
0.536093
0.513099
0.510385
0.513544
0.515998
0.555872
0.545629
0.514602
0.530643
0.537488
0.512496
0.559244
0.531044
0.524227
0.529165
0.518619
0.503999
0.511628
0.550663
0.525232
0.571175
0.514785
0.540425
0.544353
0.572531
0.539448
0.513146
0.511221
0.501860
0.566317
0.534561
0.531820
0.554780
0.535375
0.509685
0.555873
0.515144
0.507876
0.567755
0.553405
0.546780
0.569513
0.509925
0.532160
0.566242
0.528824
0.522234
0.525022
0.508955
0.545705
0.503868
0.527417
0.524699
0.523085
0.560775
0.593861
0.599694
0.540495
0.531632
0.514816
0.538389
0.553411
0.500818
0.530522
0.562627
0.537009
0.546463
0.545201
0.560405
0.516149
0.549295
0.528761
0.531600
0.544655
0.518989
0.512875
0.532630
0.517984
0.509350
0.508662
0.507412
0.516564
0.510178
0.506613
0.578209
0.518606
0.547152
0.560977
0.560748
0.530420
0.584930
0.577716
0.544205
0.548348
0.512028
0.509853
0.564850
0.568519
0.542111
0.509056
0.533928
0.541779
0.521243
0.532808
0.588687
0.557451
0.526493
0.516062
0.519231
0.544153
0.532628
0.524612
0.534732
0.507109
0.520680
0.546952
0.500806
0.505434
0.538444
0.520841
0.595527
0.535767
0.506712
0.515565
0.514789
0.525608
0.514410
0.509516
0.552825
0.569639
0.515332
0.559885
0.516131
0.510264
0.577349
0.562700
0.581872
0.587734
0.554754
0.527881
0.540500
0.568851
0.561224
0.528082
0.507233
0.536272
0.531576
0.511013
0.532423
0.516194
0.533430
0.545637
0.583383
0.530483
0.533660
0.567328
0.540191
0.514127
0.543047
0.505296
0.573806
0.542733
0.561839
0.561144
0.539508
0.533354
0.539631
0.559526
0.581668
0.551394
0.512414
0.546419
0.562796
0.566815
0.518346
0.559844
0.520049
0.528585
0.525483
0.572058
0.544275
0.527544
0.547806
0.531132
0.514795
0.614800
0.550505
0.561798
0.525859
0.522762
0.533336
0.545415
0.531454
0.541470
0.565333
0.533355
0.535014
0.520812
0.547750
0.564708
0.558346
0.617690
0.534636
0.541393
0.577583
0.545647
0.548569
0.522756
0.511411
0.527485
0.517292
0.533889
0.531606
0.545533
0.524163
0.540821
0.568080
0.592031
0.533718
0.528730
0.547097
0.529448
0.543214
0.528014
0.537709
0.522432
0.512305
0.509710
0.594139
0.560844
0.528884
0.556388
0.535418
0.572894
0.542566
0.582074
0.528211
0.537276
0.572300
0.527075
0.516877
0.529092
0.541462
0.548145
0.581557
0.562596
0.535434
0.563990
0.563360
0.528868
0.509766
0.537061
0.530427
0.537246
0.515519
0.513305
0.549519
0.515395
0.545504
0.579014
0.532140
0.577718
0.546579
0.596659
0.537844
0.537273
0.525702
0.536904
0.541772
0.541094
0.509957
0.510824
0.517695
0.515717
0.549558
0.541855
0.564075
0.552118
0.558484
0.571957
0.537661
0.542587
0.525091
0.525779
0.532478
0.551006
0.546035
0.530219
0.557268
0.510212
0.528678
0.552293
0.541977
0.561476
0.566691
0.546095
0.541121
0.559605
0.528387
0.567820
0.565657
0.560365
0.510710
0.531760
0.524105
0.531740
0.508176
0.546792
0.537728
0.553738
0.554000
0.565616
0.571422
0.546116
0.510401
0.514729
0.535547
0.538721
0.522854
0.558119
0.513246
0.509837
0.515188
0.516466
0.552216
0.516280
0.598148
0.525579
0.623823
0.551737
0.531484
0.532499
0.537384
0.537703
0.535532
0.529946
0.520841
0.514917
0.577244
0.535216
0.564717
0.578055
0.537994
0.579150
0.521100
0.565497
0.528828
0.518977
0.560014
0.522676
0.534227
0.524318
0.591847
0.592486
0.552240
0.512748
0.561010
0.553632
0.550600
0.527908
0.578117
0.530848
0.535687
0.526923
0.541190
0.529689
0.521314
0.535692
0.515745
0.519779
0.559165
0.533578
0.553087
0.564049
0.536512
0.526612
0.549831
0.530147
0.529309
0.542038
0.522458
0.545261
0.513946
0.557284
0.572334
0.558630
0.512734
0.509383
0.513838
0.535440
0.537462
0.563508
0.592858
0.535088
0.533939
0.548486
0.557883
0.606874
0.529087
0.521698
0.538912
0.518509
0.534354
0.546399
0.522482
0.511768
0.546496
0.571040
0.535299
0.545481
0.562772
0.532922
0.531722
0.567084
0.556300
0.575135
0.533726
0.515947
0.513775
0.543747
0.549024
0.542956
0.545258
0.548360
0.532304
0.536813
0.564804
0.553193
0.534683
0.533419
0.548526
0.536205
0.534567
0.517527
0.537459
0.533096
0.531016
0.551170
0.558947
0.538981
0.562464
0.527974
0.522840
0.517310
0.576584
0.530579
0.531127
0.529813
0.524451
0.558725
0.517469
0.575668
0.533837
0.509286
0.547102
0.613315
0.546497
0.554600
0.538769
0.543002
0.549595
0.559641
0.519839
0.536277
0.541442
0.547374
0.550469
0.581964
0.577858
0.540693
0.541351
0.537375
0.585509
0.566888
0.532224
0.548439
0.586594
0.580265
0.551818
0.584714
0.527771
0.525922
0.518846
0.548276
0.522738
0.542009
0.545400
0.585933
0.574035
0.542182
0.521005
0.563125
0.622384
0.521956
0.516897
0.543703
0.533288
0.560177
0.544540
0.535130
0.529213
0.552076
0.568138
0.545445
0.548745
0.571306
0.548287
0.559081
0.554513
0.539668
0.534979
0.510431
0.527987
0.521860
0.513810
0.527510
0.522604
0.530604
0.560992
0.585975
0.577805
0.585703
0.571377
0.608219
0.568107
0.550357
0.547161
0.516759
0.536750
0.529202
0.529165
0.533459
0.536853
0.537773
0.528496
0.556188
0.541730
0.528041
0.535037
0.539568
0.545149
0.527468
0.529680
0.547895
0.564459
0.533361
0.525638
0.519252
0.519745
0.520732
0.588251
0.529805
0.524726
0.587460
0.567511
0.526222
0.530511
0.529475
0.534787
0.596250
0.526711
0.558385
