0.292257
0.018609
0.019054
0.028702
0.009520
0.015785
0.021094
0.030659
0.017909
0.039950
0.010862
0.019094
0.014106
0.014891
0.026228
0.019342
0.035324
0.010011
0.010127
0.022534
0.021206
0.027548
0.010128
0.010374
0.020948
0.026126
0.025969
0.023002
0.028766
0.010460
0.010236
0.015257
0.016985
0.021101
0.013687
0.033643
0.010352
0.024986
0.016184
0.010399
0.031704
0.019539
0.024632
0.011531
0.032209
0.009528
0.018236
0.052416
0.027292
0.007837
0.015348
0.011502
0.010567
0.018907
0.024548
0.030251
0.017040
0.013190
0.010804
0.021868
0.014777
0.009577
0.010715
0.013692
0.010832
0.012001
0.020722
0.009550
0.021134
0.037457
0.025504
0.028189
0.019147
0.012864
0.009353
0.021556
0.009128
0.015737
0.010652
0.010978
0.010364
0.008852
0.030029
0.037394
0.022575
0.017382
0.020124
0.011620
0.023572
0.022771
0.010175
0.009626
0.037087
0.018509
0.014282
0.008765
0.018032
0.008785
0.022546
0.019159
0.022746
0.025486
0.018429
0.025511
0.012604
0.010928
0.026165
0.012705
0.010326
0.009171
0.030961
0.021793
0.052096
0.008031
0.010314
0.037047
0.011767
0.066414
0.021946
0.010348
0.011337
0.018911
0.014751
0.015058
0.026756
0.016802
0.032886
0.010394
0.024042
0.023869
0.046628
0.024169
0.010700
0.010159
0.007793
0.012165
0.016154
0.018691
0.022153
0.009611
0.024385
0.017558
0.038809
0.018585
0.018704
0.009208
0.015037
0.024018
0.015756
0.016880
0.021924
0.024445
0.010179
0.019504
0.010876
0.019496
0.023117
0.010801
0.009945
0.032315
0.023517
0.014792
0.010191
0.010608
0.009522
0.111788
0.008993
0.020100
0.023348
0.010621
0.022958
0.013494
0.009119
0.074078
0.010289
0.011503
0.009615
0.013971
0.011106
0.019079
0.013139
0.024043
0.017043
0.013985
0.020755
0.024272
0.013492
0.018926
0.008795
0.023344
0.021382
0.009022
0.020103
0.019021
0.073104
0.017727
0.016337
0.020732
0.020870
0.008729
0.010442
0.017124
0.024384
0.020254
0.010730
0.028624
0.018700
0.019227
0.010091
0.012755
0.036151
0.027055
0.035131
0.019948
0.008688
0.018431
0.020322
0.024180
0.027816
0.011599
0.009859
0.030200
0.011245
0.021009
0.040896
0.021677
0.011581
0.018670
0.019896
0.026468
0.010903
0.019380
0.124003
0.063173
0.016075
0.017633
0.029527
0.026337
0.008613
0.019810
0.026294
0.010892
0.018842
0.008926
0.012638
0.030838
0.030125
0.008978
0.047107
0.011616
0.035321
0.015257
0.026386
0.024021
0.053769
0.024601
0.010150
0.015540
0.014937
0.008346
0.008657
0.008299
0.049955
0.010490
0.019345
0.010525
0.016530
0.009773
0.022078
0.017966
0.010802
0.011764
0.025608
0.026896
0.038107
0.017019
0.010554
0.009544
0.043481
0.024036
0.018925
0.053736
0.015538
0.015803
0.010132
0.012346
0.013316
0.013390
0.010766
0.020870
0.009920
0.010490
0.020798
0.017843
0.011538
0.016695
0.021284
0.023256
0.036593
0.024173
0.053645
0.026054
0.016955
0.010900
0.010670
0.023527
0.031885
0.019733
0.013682
0.016225
0.053322
0.009496
0.031741
0.031026
0.020094
0.013872
0.013947
0.018802
0.018239
0.023468
0.010310
0.025187
0.008917
0.020671
0.083429
0.023918
0.010425
0.010061
0.029000
0.011418
0.018201
0.008530
0.010248
0.015774
0.026963
0.017770
0.008864
0.027078
0.010659
0.009572
0.013498
0.017980
0.056162
0.020191
0.024584
0.013824
0.017496
0.010727
0.037433
0.010662
0.022935
0.028696
0.011889
0.015026
0.014558
0.008281
0.008500
0.022142
0.011185
0.033257
0.016837
0.019620
0.027488
0.022383
0.022368
0.034986
0.010794
0.009719
0.015704
0.039852
0.017101
0.015208
0.099739
0.024049
0.030074
0.032363
0.010074
0.025951
0.017393
0.010876
0.009498
0.010492
0.020329
0.010102
0.026058
0.014878
0.015229
0.015696
0.016675
0.024481
0.057859
0.020186
0.024370
0.048817
0.018317
0.047176
0.023878
0.016126
0.024587
0.016356
0.014010
0.016771
0.040842
0.021018
0.014973
0.015465
0.014977
0.011193
0.018886
0.021891
0.022571
0.011301
0.017071
0.008814
0.020709
0.028724
0.024708
0.026193
0.012138
0.022961
0.018400
0.026773
0.013733
0.009000
0.045757
0.023778
0.049083
0.034676
0.011826
0.015703
0.047885
0.009057
0.043796
0.029320
0.019692
0.008188
0.010016
0.023692
0.018497
0.017804
0.009707
0.013758
0.010007
0.023311
0.016239
0.103615
0.025454
0.015666
0.022592
0.015635
0.019229
0.019496
0.012104
0.033015
0.016017
0.017172
0.021054
0.020475
0.011048
0.010848
0.018521
0.014959
0.021201
0.031756
0.012890
0.010449
0.025742
0.022016
0.014998
0.016954
0.016510
0.013082
0.015186
0.013927
0.011187
0.026163
0.008678
0.011063
0.010384
0.010181
0.011044
0.022714
0.009246
0.010435
0.008097
0.040209
0.027201
0.011786
0.010316
0.026506
0.034072
0.011363
0.010292
0.025801
0.027810
0.011330
0.022247
0.024338
0.044655
0.009303
0.112399
0.024867
0.021219
0.010690
0.020427
0.029056
0.021897
0.025254
0.009380
0.017729
0.021520
0.016300
0.053458
0.010601
0.026920
0.011159
0.009433
0.033881
0.011052
0.023241
0.053212
0.008695
0.033157
0.009531
0.016181
0.023367
0.010493
0.037819
0.010391
0.013780
0.028372
0.025526
0.037587
0.015146
0.029482
0.010288
0.038288
0.015702
0.011951
0.025229
0.020091
0.010472
0.009226
0.016459
0.015827
0.018456
0.010181
0.011195
0.031084
0.010883
0.015652
0.016084
0.016877
0.023324
0.027907
0.040568
0.023776
0.009001
0.017872
0.009647
0.010314
0.021809
0.019647
0.018313
0.016162
0.034050
0.030751
0.020192
0.016408
0.010721
0.023370
0.038101
0.010865
0.016241
0.010440
0.010170
0.014841
0.023444
0.029370
0.013701
0.022176
0.013512
0.009875
0.012025
0.010727
0.009184
0.030266
0.028898
0.024576
0.026018
0.024522
0.013634
0.023943
0.017923
0.011554
0.010341
16.903845
0.024789
0.017454
0.053334
0.009861
0.028779
0.010759
0.009669
0.016797
0.016451
0.015895
0.014517
0.009867
0.026769
0.034792
0.008907
0.022812
0.016873
0.017115
0.024372
0.008848
0.023780
0.020516
0.020153
0.020855
0.013521
0.026608
0.015553
0.024951
0.014860
0.025643
0.019180
0.046099
0.025461
0.010683
0.042937
0.022808
0.042812
0.015111
0.037787
0.077687
0.019300
0.012941
0.016426
0.009129
0.016102
0.010615
0.049072
0.008698
0.010668
0.012346
0.018893
0.021803
0.023548
0.013646
0.014946
0.036992
0.018552
0.016668
0.009085
0.044715
0.010648
0.010292
0.017500
0.022307
0.014393
0.021682
0.032597
0.025916
0.017125
0.075772
0.018476
0.020731
0.010452
0.062798
0.037390
0.009720
0.022545
0.021687
0.024876
0.034086
0.012750
0.020262
0.026443
0.020361
0.010001
0.010581
0.018902
0.023053
0.019874
0.017930
0.010308
0.010214
0.014674
0.027324
0.020670
0.017056
0.024374
0.018918
0.008937
0.016198
0.025540
0.019434
0.015554
0.012362
0.010427
0.009449
0.081393
0.010459
0.020055
0.015886
0.018051
0.010567
0.106333
0.010104
0.079486
0.012850
0.032295
0.017743
0.035723
0.014834
0.010330
0.051429
0.018824
0.016690
0.020928
0.014605
0.027259
0.011458
0.010866
0.014083
0.018237
0.018210
0.018360
0.018321
0.014688
0.016282
0.014545
0.008862
0.014900
0.031995
0.011466
0.030928
0.031356
0.010443
0.010167
0.047169
0.028286
0.014457
0.010283
0.018258
0.008492
0.010661
0.014058
0.023923
0.024732
0.011917
0.010400
0.021455
0.068789
0.020209
0.017628
0.009918
0.028895
0.010501
0.011447
0.033788
0.016643
0.016373
0.010671
0.010241
0.023422
0.008044
0.014633
0.009905
0.010915
0.020848
0.020787
0.020867
0.020515
0.023754
0.022758
0.035322
0.051319
0.021352
0.018745
0.016308
0.018827
0.016617
0.009720
0.029878
0.010826
0.008362
0.008964
0.013866
0.032350
0.025825
0.022930
0.011470
0.008707
0.020925
0.009135
0.034350
0.061906
