9.867441
6.120855
5.021460
5.585852
6.736939
7.027583
6.382848
6.799909
9.032316
6.338147
2.429026
5.505532
9.902300
6.890399
5.622154
6.001815
18.064004
3.504212
2.443408
5.105629
9.540465
5.614199
2.388605
2.009026
12.357260
5.777333
4.848930
22.065219
10.664166
3.319316
2.575737
6.185594
9.034001
6.154777
6.787964
22.622190
6.477021
5.576603
5.413589
2.055436
9.718526
6.009172
4.775801
1.946173
13.933565
3.262839
4.624312
5.823691
9.377219
3.147323
5.217031
2.021516
6.720779
20.193504
16.351517
5.171630
8.662933
6.353860
2.398803
4.165763
9.833105
3.211991
2.429841
4.466220
6.647390
5.933941
5.522682
2.272790
8.821182
20.913453
14.852823
12.903877
10.342389
3.431190
2.497588
5.637811
6.377388
6.502117
2.397573
2.008233
6.268475
3.398334
6.587665
5.529907
8.440642
5.962183
12.187514
5.585301
8.893700
6.333198
2.514984
2.041835
11.730146
20.106506
5.135721
1.938356
9.305846
3.555193
5.410121
4.558053
9.164683
5.694409
5.235289
8.762553
6.023572
3.264978
5.757898
4.501421
6.776041
3.374889
5.382860
5.587217
10.047867
3.383807
2.421923
5.645900
10.385661
6.419222
5.686682
2.039697
6.545211
6.247555
7.034703
5.508260
9.946062
6.390135
5.101624
2.107912
9.340861
5.527061
5.284294
4.806287
6.473595
3.295223
2.479305
2.113189
13.731765
5.594815
6.508478
1.935183
8.050490
5.493559
5.403899
4.984688
9.007162
3.486006
6.030377
5.473286
11.818912
5.731990
8.966880
5.193888
6.466232
4.969150
2.551022
4.525745
11.818695
3.127904
2.435900
15.340964
19.001849
5.424242
2.514334
2.013412
6.803239
6.035557
2.672062
6.515147
9.171160
3.377112
5.359982
5.126329
6.326946
14.070450
2.379611
1.979579
6.648332
6.285584
2.381644
4.310046
9.618267
6.011328
5.549232
7.359308
8.718569
5.562370
5.828284
4.362153
6.346493
5.983111
6.326160
2.012368
14.301278
6.466727
5.636713
5.610120
8.569415
5.982327
5.157879
1.932119
6.628543
5.549281
5.887347
5.928364
6.532844
7.317432
5.541529
5.116007
6.471937
3.692686
18.000796
4.652220
12.722061
6.186894
2.412181
5.393424
9.063325
16.186471
5.722394
2.059134
6.477629
5.480130
2.618398
10.160072
9.531970
5.647585
2.562796
5.965951
10.136181
6.547893
2.659322
4.324050
12.185452
7.188281
5.472938
5.187196
9.590086
5.392107
2.483886
5.394550
9.612808
3.727440
5.854305
2.025700
8.568345
5.962819
5.447040
1.960176
7.640388
3.630769
5.850005
5.938191
8.912856
6.727414
13.029592
4.980746
6.249889
5.793747
5.008209
1.881085
6.217075
3.608202
5.535906
2.012915
10.512482
3.372461
5.159001
1.971612
10.909422
5.348570
2.400030
2.077707
7.953481
17.411611
5.443464
4.747565
6.225324
3.236502
5.556996
6.021733
9.724419
6.242697
4.537807
3.958986
6.643303
6.011376
4.718547
4.746832
6.234464
6.004787
2.303593
1.921412
9.783184
5.834270
5.866053
5.565460
7.564304
6.539880
5.583791
5.302630
9.874560
5.809709
5.407573
2.040042
6.454005
5.787658
5.694884
5.121505
9.192998
5.293348
5.092119
1.952188
11.677985
5.720062
4.359738
5.717992
9.043478
5.649926
5.504589
4.649772
6.465632
5.778449
2.501448
4.121233
10.424342
7.772996
2.571447
2.099355
10.152694
3.382019
4.928648
2.032080
6.083016
6.373977
5.214787
5.590735
5.567134
6.793421
2.311707
1.794501
9.084340
6.099472
9.780520
5.677021
8.133038
6.793502
5.353274
2.138868
9.943566
3.352292
5.115700
5.136959
6.452790
6.010000
5.389905
2.290596
6.550368
6.880199
2.442230
4.883209
8.919832
6.934763
4.752836
4.765113
11.417940
6.182774
2.379335
2.055231
17.133175
13.765559
4.919813
4.782584
16.598429
6.369248
4.938298
5.222990
6.279810
18.715810
4.604966
1.937155
6.417858
3.253493
5.295542
2.058070
16.029542
5.912551
5.271718
5.171536
9.349669
14.558880
5.051699
5.942176
9.234133
12.428386
11.023448
4.735013
15.891861
6.344665
4.827245
4.893158
10.603603
5.781193
10.926060
5.821220
9.582317
6.864972
4.733765
2.035946
10.632890
5.978385
12.633361
2.180384
10.246337
3.293280
5.773476
4.783596
16.853045
5.911848
2.455816
5.051002
11.035070
11.451445
4.848702
2.031638
12.590519
6.151883
6.616618
4.538367
6.029485
6.129111
6.206836
1.992843
13.460248
6.573327
5.841255
2.090353
6.259641
5.579956
9.652442
4.869011
6.143890
5.966210
2.522125
14.668502
10.166922
18.780331
15.070496
5.103256
8.559529
7.051383
5.932274
4.636942
9.772714
6.426644
5.627978
4.375262
10.272328
6.484210
2.342432
2.276019
9.741066
5.483774
5.277956
21.697825
8.125585
3.320403
5.144206
5.638778
9.767991
5.633622
5.179012
5.194555
9.601460
5.560696
2.411704
4.181634
6.489488
3.402007
2.395121
2.091536
5.966861
6.637980
2.435057
1.936857
6.489690
6.737964
10.436050
1.915047
6.283297
7.439910
5.775756
2.044053
5.954111
6.391999
4.726290
1.987725
13.667846
6.241312
4.856103
1.976582
27.160257
6.038825
5.048676
2.077798
9.528884
6.654560
5.235825
5.046954
6.511189
5.922461
6.209448
6.266458
8.923477
3.701267
5.061211
1.954699
6.444303
8.173288
2.474260
4.605507
10.487571
3.666808
6.353042
2.022396
9.855782
8.065954
2.528539
5.336737
5.993678
6.834031
5.163947
4.435258
9.889894
6.210193
5.734134
2.034138
20.491541
5.881405
5.176122
6.529328
25.109788
3.232094
2.694455
6.226663
8.753187
6.512481
2.465627
1.927317
18.629670
3.749092
4.950022
5.761146
9.835441
6.285342
5.409162
16.228254
10.477556
3.333300
5.762570
1.925243
5.877344
6.462597
5.086139
13.448083
8.704361
5.563925
5.121104
5.314642
8.151377
5.496930
6.339930
20.299954
6.271782
6.397999
2.436066
1.942385
9.988015
4.961469
14.762198
5.469702
10.037995
5.481042
2.347259
5.051969
6.356991
3.328992
4.999432
17.757925
9.670930
6.688938
6.367338
5.434021
7.757595
5.668219
2.560435
2.053397
10.257406
5.427755
4.893709
4.711300
6.085852
5.739022
2.542264
2.179178
23.823655
5.705477
4.932303
5.928840
6.490853
6.422959
4.756091
2.012106
9.052134
6.516502
5.415689
4.714805
6.223771
5.861962
5.025079
5.906606
7.790826
6.351331
4.781209
5.728224
14.493130
7.009374
4.213010
4.936938
8.241874
53.238710
2.604674
4.215809
9.396989
5.834588
5.740387
13.290190
8.546773
6.203036
4.893431
5.311832
6.422384
6.132203
2.383359
5.501913
6.372933
3.161235
5.238124
5.862724
9.858093
6.288160
4.690476
4.246872
9.089856
5.378890
5.785865
2.065226
7.534239
3.242684
2.455471
5.406721
10.593385
6.899866
5.306391
14.161738
9.890949
6.144398
14.340789
6.302015
9.636479
3.285299
4.695818
6.039079
5.747939
5.353970
4.704582
4.664772
23.013470
5.944360
5.095451
4.901409
10.428924
3.487800
2.669449
5.291960
11.029735
6.561948
4.931937
2.151719
6.494409
6.134760
5.359321
6.590313
9.070410
6.010603
5.458207
1.976066
8.506403
10.407356
5.488273
5.564025
6.313983
3.355938
2.645069
6.402225
6.224872
7.252649
5.287886
5.267651
6.530539
5.876485
2.539036
5.974747
6.533390
7.579639
4.673371
5.260202
10.757469
3.421184
6.132030
5.148753
8.854685
6.434889
5.908030
5.327888
6.202197
3.116514
4.541014
4.275753
10.062777
6.708484
5.521982
5.468500
11.989233
7.001186
2.587584
4.977785
9.650542
3.469487
6.239093
5.169211
6.462753
3.594670
5.169855
4.918869
9.831302
3.518388
6.057923
2.144435
6.486513
6.696604
5.568005
5.526831
10.153426
3.300343
5.220056
6.039791
8.826707
5.830596
2.518063
4.572268
6.230737
3.425596
15.735439
4.816911
8.819253
3.197546
2.480658
5.181113
6.000903
5.809228
2.579227
2.194145
8.592396
6.301013
6.887524
5.891928
14.194613
6.234763
5.424344
5.426511
10.953651
6.030338
5.251334
4.974067
8.753914
3.512046
6.393934
4.827264
6.259735
3.289879
5.069293
4.523825
9.673891
5.656828
2.642704
2.154008
9.607317
3.616951
5.959296
27.468735
