0.067453
0.002235
0.000821
0.000687
0.000689
0.000693
0.000708
0.000688
0.000690
0.000696
0.000854
0.000689
0.000838
0.000841
0.000851
0.000718
0.000693
0.000810
0.000806
0.000829
0.000681
0.000751
0.000683
0.000744
0.000701
0.000703
0.000773
0.000715
0.000704
0.000824
0.000687
0.000697
0.000683
0.000806
0.000746
0.000687
0.000718
0.000686
0.000833
0.000830
0.000680
0.000837
0.000686
0.000689
0.000694
0.000680
0.000690
0.000680
0.000692
0.000727
0.000687
0.000714
0.000686
0.000683
0.000695
0.000686
0.000688
0.000735
0.000692
0.000787
0.000692
0.000685
0.000680
0.000680
0.000693
0.000689
0.000704
0.000868
0.000772
0.000830
0.000692
0.000696
0.000923
0.000716
0.000693
0.000722
0.000708
0.000684
0.000894
0.000702
0.000709
0.000688
0.000853
0.000791
0.000681
0.000691
0.000683
0.000689
0.000719
0.000688
0.000802
0.000692
0.000695
0.000688
0.000836
0.000698
0.000732
0.000691
0.000697
0.000824
0.000696
0.000699
0.000687
0.000700
0.000702
0.000805
0.000711
0.000691
0.000739
0.000867
0.000686
0.000688
0.000682
0.000692
0.000698
0.000893
0.000691
0.000816
0.000721
0.000821
0.000874
0.000942
0.000698
0.000803
0.000706
0.000685
0.000682
0.000683
0.000739
0.000747
0.000685
0.000685
0.000871
0.000688
0.000685
0.000706
0.000691
0.000708
0.000691
0.000692
0.000699
0.000682
0.000696
0.000685
0.000687
0.000683
0.000826
0.000681
0.000697
0.000706
0.000695
0.000705
0.000690
0.000876
0.000902
0.000679
0.000815
0.000686
0.000693
0.000700
0.000695
0.000686
0.000855
0.000690
0.000687
0.000683
0.001010
0.000685
0.000681
0.000680
0.000694
0.000690
0.000692
0.000823
0.000684
0.000678
0.000689
0.000691
0.000699
0.000803
0.000681
0.000710
0.000741
0.000703
0.000713
0.000686
0.000845
0.000688
0.000706
0.000706
0.000688
0.000736
0.000732
0.000693
0.000694
0.000694
0.000911
0.000846
0.000813
0.000689
0.000693
0.000686
0.000851
0.000686
0.000689
0.000838
0.000696
0.000767
0.000686
0.000875
0.000701
0.000678
0.000809
0.000693
0.000686
0.000815
0.000902
0.000690
0.000722
0.000697
0.000845
0.000947
0.000824
0.000693
0.001495
0.000697
0.000700
0.000706
0.000738
0.000823
0.000704
0.000698
0.000711
0.000697
0.000808
0.000689
0.000840
0.000688
0.000687
0.000858
0.000707
0.000881
0.000734
0.000883
0.000687
0.000691
0.000692
0.000856
0.000827
0.000839
0.000797
0.000682
0.000844
0.000697
0.000863
0.000722
0.000715
0.000681
0.000676
0.000684
0.000686
0.000870
0.000681
0.000690
0.000706
0.000702
0.000683
0.000683
0.000676
0.000684
0.000797
0.000902
0.000814
0.000685
0.000682
0.000815
0.000687
0.000694
0.000682
0.000719
0.000688
0.000703
0.000692
0.000686
0.000708
0.000810
0.000689
0.000755
0.000695
0.000854
0.000692
0.000704
0.000707
0.000704
0.000826
0.000744
0.000684
0.000779
0.000812
0.000815
0.000704
0.000795
0.000820
0.000687
0.000718
0.000690
0.000698
0.000687
0.000692
0.000681
0.000684
0.000698
0.000683
0.000682
0.000708
0.000680
0.000702
0.000686
0.000697
0.000693
0.000688
0.000683
0.000691
0.000862
0.000732
0.000684
0.000814
0.000848
0.000723
0.000693
0.000697
0.000682
0.000686
0.000695
0.000753
0.000701
0.000745
0.000681
0.000690
0.000688
0.000696
0.000735
0.000685
0.000839
0.001072
0.000693
0.000708
0.000696
0.000684
0.000887
0.000686
0.000700
0.000798
0.000702
0.000684
0.000694
0.000696
0.000682
0.000694
0.000688
0.000750
0.000799
0.000824
0.000679
0.000707
0.000854
0.000813
0.000692
0.000692
0.000709
0.000692
0.000850
0.000684
0.000679
0.000702
0.000720
0.000679
0.000677
0.000698
0.000683
0.000690
0.000757
0.000728
0.000696
0.000758
0.000679
0.000685
0.000701
0.000677
0.000696
0.000692
0.000695
0.000940
0.000690
0.000703
0.000692
0.000847
0.000836
0.000690
0.000817
0.000686
0.000694
0.000811
0.000697
0.000736
0.000684
0.000797
0.000798
0.000697
0.000685
0.000687
0.000680
0.000688
0.000688
0.000696
0.000685
0.000842
0.000693
0.000844
0.000706
0.000694
0.000687
0.000678
0.000701
0.000851
0.000809
0.000694
0.000692
0.000695
0.000688
0.000815
0.000692
0.000755
0.000679
0.000694
0.000686
0.000681
0.000738
0.000719
0.000705
0.000803
0.000695
0.000701
0.000682
0.000788
0.000677
0.000691
0.000686
0.000686
0.000683
0.000694
0.000820
0.000684
0.000694
0.000724
0.000686
0.000690
0.000678
0.000692
0.000846
0.000709
0.000682
0.000678
0.000705
0.000846
0.000689
0.000700
0.000683
0.000691
0.000686
0.000703
0.000683
0.000749
0.000702
0.000689
0.000819
0.000687
0.000690
0.000863
0.000680
0.000862
0.000714
0.000693
0.000682
0.000680
0.000683
0.000846
0.000680
0.000684
0.000688
0.000688
0.000745
0.000676
0.000824
0.000855
0.000685
0.000822
0.000835
0.000714
0.000737
0.000683
0.000840
0.000680
0.000698
0.000700
0.000687
0.000807
0.000773
0.000716
0.000682
0.000691
0.000677
0.000728
0.000813
0.000680
0.000797
0.000684
0.000678
0.000698
0.000706
0.000692
0.000690
0.000689
0.000680
0.000681
0.000685
0.000703
0.000835
0.000677
0.000814
0.000682
0.000688
0.000677
0.000723
0.000697
0.000705
0.000691
0.000697
0.000692
0.000729
0.000679
0.000680
0.000861
0.000847
0.000714
0.000684
0.000689
0.000680
0.000693
0.000695
0.000789
0.000681
0.000794
0.000680
0.000800
0.000806
0.000675
0.000678
0.000847
0.000787
0.000800
0.000722
0.000688
0.000707
0.000775
0.000687
0.000680
0.000719
0.000684
0.000681
0.000824
0.000708
0.000672
0.000673
0.000691
0.000689
0.000685
0.000690
0.000692
0.000688
0.000690
0.000871
0.000695
0.000697
0.000840
0.000690
0.000693
0.000784
0.000696
0.000689
0.000705
0.000693
0.000717
0.000676
0.000700
0.000746
0.000807
0.000699
0.000760
0.000790
0.000803
0.000701
0.000785
0.000691
0.000707
0.000714
0.000674
0.000678
0.000730
0.000733
0.000826
0.000733
0.000677
0.000833
0.000685
0.000813
0.000729
0.000679
0.000823
0.000818
0.000820
0.000684
0.000700
0.000818
0.000702
0.000799
0.000683
0.000690
0.000690
0.000681
0.000683
0.000757
0.000688
0.000675
0.000694
0.000687
0.000829
0.000819
0.000742
0.000705
0.000821
0.000684
0.000705
0.000698
0.000680
0.000676
0.000821
0.000725
0.000697
0.000689
0.000823
0.000802
0.000692
0.000691
0.000685
0.000823
0.000686
0.000680
0.000687
0.000674
0.000695
0.000690
0.000686
0.000702
0.000693
0.000676
0.000828
0.000681
0.000699
0.000702
0.000680
0.000677
0.000713
0.000803
0.000689
0.000694
0.000691
0.000803
0.000684
0.000839
0.000687
0.000816
0.000683
0.000692
0.000699
0.000842
0.000679
0.000856
0.000721
0.000676
0.000844
0.000820
0.000689
0.000859
0.000695
0.000695
0.000818
0.000818
0.000683
0.000801
0.000703
0.000820
0.000692
0.000718
0.000809
0.000734
0.000695
0.000812
0.000678
0.000685
0.000797
0.000690
0.000692
0.000834
0.000809
0.000873
0.000838
0.000807
0.000730
0.000850
0.000694
0.000803
0.000681
0.000689
0.000681
0.000678
0.000823
0.000811
0.000690
0.000694
0.000694
0.000678
0.000747
0.000758
0.000698
0.000683
0.000685
0.000850
0.000683
0.000709
0.000680
0.000709
0.000794
0.000683
0.000681
0.000693
0.000689
0.000688
0.000679
0.000695
0.000726
0.000860
0.000680
0.000690
0.000677
0.000688
0.000826
0.000685
0.000694
0.000841
0.000704
0.000684
0.000814
0.000813
0.000705
0.000807
0.000829
0.000673
0.000715
0.000734
0.000805
0.000678
0.000688
0.000855
0.000855
0.000817
0.000710
0.000817
0.000669
0.000691
0.000689
0.000852
0.000687
0.000684
0.000820
0.000686
0.000689
0.000690
0.000698
0.000685
0.000679
0.000695
0.000747
0.000826
0.000845
0.000686
0.000757
0.000855
0.000745
0.000730
