0.970952
0.551474
0.543152
0.545277
0.538373
0.518609
0.530021
0.551148
0.520625
0.508390
0.585545
0.511480
0.557477
0.542245
0.576026
0.543560
0.546663
0.555369
0.552051
0.535763
0.514339
0.505128
0.520401
0.545327
0.515422
0.515467
0.517097
0.550593
0.513994
0.504077
0.517087
0.507721
0.522213
0.528671
0.560123
0.525451
0.559890
0.538763
0.529106
0.525605
0.522931
0.518189
0.551000
0.537218
0.558021
0.517702
0.533446
0.514960
0.559627
0.526443
0.538617
0.540380
0.531451
0.517866
0.526696
0.520732
0.509619
0.532151
0.542611
0.535830
0.560407
0.538519
0.562792
0.530085
0.528837
0.518399
0.515784
0.553004
0.515192
0.511308
0.520506
0.521413
0.526323
0.508909
0.530519
0.507288
0.528608
0.522425
0.528764
0.519821
0.520921
0.535681
0.540498
0.569301
0.579878
0.526412
0.567671
0.541161
0.537109
0.513914
0.580720
0.506433
0.516925
0.530898
0.553662
0.547448
0.515462
0.506874
0.526728
0.520418
0.539184
0.557778
0.525318
0.585166
0.518520
0.526850
0.520093
0.541076
0.567219
0.548716
0.541938
0.543881
0.510107
0.509180
0.510917
0.500191
0.531023
0.562719
0.537094
0.532935
0.535543
0.554625
0.562587
0.553520
0.526678
0.524556
0.559219
0.518322
0.579426
0.527895
0.544232
0.543861
0.544227
0.556183
0.541317
0.535715
0.522351
0.503074
0.510541
0.552294
0.522717
0.544649
0.524045
0.534828
0.510559
0.525575
0.519708
0.516740
0.551343
0.534319
0.544694
0.579173
0.534253
0.535419
0.545813
0.512045
0.573913
0.540260
0.568837
0.563330
0.504909
0.549396
0.529018
0.559733
0.535509
0.514319
0.560144
0.521192
0.544761
0.537289
0.559266
0.582583
0.545970
0.558512
0.537440
0.535865
0.557213
0.528992
0.510651
0.576593
0.519552
0.526189
0.533410
0.550233
0.511733
0.541111
0.523776
0.560570
0.560697
0.538852
0.520891
0.531051
0.589585
0.591807
0.584547
0.566759
0.520215
0.523051
0.539591
0.541958
0.505723
0.517110
0.535051
0.527186
0.563352
0.578340
0.553732
0.553357
0.525000
0.566035
0.512398
0.510863
0.528808
0.557941
0.516273
0.536587
0.528237
0.508095
0.524724
0.559774
0.550511
0.545718
0.569451
0.533086
0.521028
0.517394
0.525799
0.519202
0.516409
0.560700
0.514354
0.514833
0.542326
0.535716
0.566630
0.546822
0.523132
0.538469
0.564342
0.559311
0.510841
0.538755
0.533553
0.578694
0.523761
0.520178
0.523120
0.541033
0.509852
0.505918
0.517604
0.534090
0.567261
0.562873
0.568798
0.540808
0.509802
0.530118
0.550271
0.546381
0.514948
0.516014
0.515093
0.538429
0.526558
0.514156
0.513729
0.517321
0.571334
0.535945
0.542576
0.535708
0.524055
0.543170
0.517143
0.541142
0.515069
0.514019
0.534312
0.548207
0.516847
0.526116
0.524576
0.521394
0.550091
0.522966
0.548317
0.526574
0.557084
0.527490
0.528484
0.553090
0.558897
0.531984
0.533951
0.519941
0.520657
0.512175
0.525446
0.503141
0.545672
0.533907
0.536015
0.527001
0.511036
0.504827
0.509277
0.566335
0.516379
0.508708
0.551277
0.530792
0.516646
0.521985
0.538938
0.520024
0.517706
0.542928
0.530890
0.533895
0.525561
0.524105
0.563444
0.569306
0.545256
0.560397
0.545641
0.540251
0.522277
0.529388
0.517210
0.534600
0.556741
0.544224
0.542982
0.542521
0.521642
0.525634
0.507850
0.508352
0.526003
0.550601
0.545274
0.513693
0.514189
0.523165
0.543997
0.533057
0.561882
0.577132
0.540761
0.529662
0.517892
0.510708
0.513966
0.545979
0.522747
0.558102
0.521634
0.523145
0.528480
0.522322
0.527164
0.525041
0.534958
0.563305
0.559756
0.572864
0.524375
0.535192
0.540384
0.532431
0.534827
0.556936
0.546846
0.539361
0.568732
0.512242
0.542147
0.510132
0.540257
0.576275
0.543632
0.573928
0.536362
0.530724
0.532336
0.525861
0.520772
0.519288
0.564333
0.570589
0.526466
0.543967
0.529308
0.566769
0.541510
0.520087
0.548841
0.534091
0.531457
0.533419
0.549803
0.569060
0.527653
0.519906
0.548574
0.535449
0.511212
0.524412
0.548524
0.521931
0.539735
0.538522
0.539833
0.537954
0.600031
0.567183
0.535234
0.532354
0.511388
0.507972
0.508569
0.511573
0.521200
0.528637
0.513487
0.549121
0.534406
0.566591
0.558311
0.591528
0.505440
0.535427
0.547875
0.542439
0.523187
0.533150
0.520018
0.541795
0.531605
0.513726
0.557091
0.512837
0.623849
0.577025
0.526100
0.538042
0.514507
0.533823
0.591816
0.577054
0.527623
0.555482
0.523888
0.522013
0.517549
0.524975
0.535851
0.531433
0.552461
0.561118
0.528094
0.575337
0.535180
0.526814
0.537873
0.568683
0.542930
0.533021
0.572512
0.541857
0.562847
0.576264
0.549287
0.535823
0.559182
0.564915
0.588460
0.547745
0.540695
0.582824
0.536179
0.576453
0.522697
0.528817
0.544869
0.546985
0.507356
0.523716
0.514934
0.534500
0.527935
0.579531
0.544389
0.555525
0.512911
0.585280
0.527163
0.558990
0.519954
0.555963
0.545908
0.567499
0.548345
0.536566
0.579116
0.556224
0.554514
0.541007
0.562814
0.537334
0.569358
0.543090
0.530102
0.552395
0.536840
0.524925
0.528975
0.538489
0.524878
0.522782
0.539936
0.567192
0.525091
0.577015
0.547404
0.548007
0.548910
0.560230
0.545719
0.543717
0.557732
0.532606
0.542633
0.565747
0.509378
0.532718
0.529046
0.526069
0.553752
0.597381
0.558749
0.622957
0.517196
0.535123
0.514895
0.533259
0.555840
0.559992
0.552427
0.570449
0.518873
0.543184
0.601088
0.555062
0.527620
0.525859
0.546826
0.538707
0.541109
0.534051
0.563004
0.528393
0.557037
0.545785
0.563624
0.543523
0.514259
0.525799
0.506344
0.520535
0.525999
0.517670
0.554037
0.574616
0.549114
0.532602
0.584793
0.542764
0.539578
0.568309
0.531162
0.512455
0.517236
0.515569
0.523057
0.541715
0.558569
0.578422
0.572230
0.597914
0.566500
0.525711
0.550498
0.521537
0.552764
0.519845
0.530418
0.569726
0.542898
0.561020
0.526709
0.528840
0.588449
0.572296
0.546857
0.536427
0.563318
0.526684
0.588408
0.513389
0.540751
0.543646
0.529403
0.549100
0.507223
0.528728
0.512313
0.537167
0.594668
0.567809
0.585707
0.554697
0.517821
0.551720
0.517209
0.516982
0.535191
0.552308
0.583489
0.561197
0.540306
0.534976
0.518095
0.576475
0.567013
0.540938
0.546132
0.536939
0.563837
0.511201
0.560959
0.512499
0.539337
0.521817
0.540596
0.525367
0.531685
0.520991
0.551059
0.523129
0.546642
0.578282
0.583065
0.575922
0.573340
0.525427
0.518108
0.562756
0.559884
0.537358
0.527381
0.549625
0.574111
0.529629
0.527995
0.528011
0.540807
0.557573
0.576316
0.540023
0.522226
0.523024
0.540811
0.528305
0.543561
0.537880
0.539684
0.529086
0.516537
0.539173
0.549125
0.522272
0.524961
0.527856
0.533077
0.581230
0.529321
0.572829
0.552268
0.530167
0.562370
0.579263
0.564924
0.559964
0.568742
0.575419
0.563521
0.573703
0.520479
0.579363
0.539984
0.544650
0.533985
0.549551
0.522296
0.561891
0.518483
0.533241
0.588611
0.549022
0.549973
0.574231
0.561139
0.529627
0.518401
0.538545
0.543314
0.555073
0.519393
0.533794
0.526303
0.533721
0.566889
0.598386
0.582821
0.525555
0.526074
0.555878
0.596046
0.538243
0.520922
0.529311
0.530721
0.546072
0.551264
0.549939
0.531932
0.581684
0.534997
0.598007
0.532171
0.528808
0.542560
0.548657
0.550246
0.551992
0.593005
0.537352
0.518704
0.580773
0.533801
0.529051
0.526674
0.513316
0.547490
0.586905
0.583757
0.586273
0.591136
0.534891
0.542348
0.557325
0.519464
0.526482
0.541105
0.582854
0.534457
0.529469
0.530787
0.530830
0.525464
0.587596
0.556782
0.553269
0.525335
0.521404
0.533884
0.568456
0.553057
0.580936
0.541846
0.555745
0.528794
0.507848
0.534707
0.530910
0.529660
0.542237
0.539650
0.548044
0.534081
0.574802
0.531185
0.529405
0.524306
0.545775
0.566453
0.526088
