0.158073
0.032986
0.024502
0.014228
0.008457
0.010891
0.020497
0.014479
0.021276
0.011454
0.021757
0.016172
0.018015
0.019127
0.205163
0.014746
0.017373
0.009096
0.011494
0.015470
0.017128
0.017368
0.008724
0.009229
0.010828
0.022965
0.016754
0.009197
0.016163
0.020758
0.014283
0.015052
0.016274
0.019277
0.018271
0.013729
0.010545
0.028823
0.012370
0.009069
0.015091
0.011191
0.012652
0.027096
0.036568
0.019723
0.018590
0.012126
0.015404
0.023942
0.017938
0.027842
0.010148
0.011532
0.012828
0.011410
0.014127
0.016492
0.016072
0.012087
0.019603
0.087417
0.023682
0.016953
0.029793
0.027324
0.039849
0.011040
0.045031
0.015213
0.025705
0.013353
0.018074
0.025776
0.023063
0.008850
0.015748
0.016185
0.017155
0.023800
0.010909
0.010645
0.023028
0.016907
0.016439
0.020583
0.013659
0.018263
0.015466
0.015541
0.016896
0.010212
0.010530
0.014709
0.012407
0.013222
0.016079
0.010015
0.014505
0.012670
0.014276
0.024298
0.015860
0.042524
0.027874
0.022507
0.019432
0.021748
0.017331
0.018907
0.010764
0.010086
0.013567
0.015048
0.014181
0.023544
0.015695
0.017508
0.010697
0.013746
0.021280
0.028030
0.010572
0.018402
0.010405
0.010772
0.010185
0.012002
0.012150
0.013303
0.031962
0.020570
0.008086
0.010219
0.013547
0.015317
0.021502
0.042456
0.018099
0.023457
0.012824
0.014169
0.014258
0.010772
0.008567
0.009409
0.021032
0.015467
0.010216
0.011224
0.029426
0.022177
0.022746
0.022875
0.035300
0.010915
0.019542
0.011017
0.009800
0.012389
0.014911
0.010259
0.018462
0.010955
0.021042
0.018864
0.022268
0.011975
0.010848
0.027102
0.019500
0.015245
0.008712
0.012640
0.010393
0.009660
0.010069
0.012102
0.021946
0.008234
0.014127
0.022193
0.014177
0.018638
0.010280
0.015796
0.011025
0.013262
0.008981
0.010292
0.041906
0.017082
0.016082
0.010677
0.011239
0.013209
0.014620
0.015087
0.023040
0.009201
0.009565
0.017689
0.014008
0.017099
0.014766
0.031756
0.022422
0.023126
0.009864
0.014870
0.019192
0.021538
0.013999
0.020498
0.017188
0.017504
0.016833
0.018380
0.027862
0.016121
0.010546
0.011245
0.017673
0.023993
0.014058
0.020936
0.013296
0.011153
0.015838
0.019223
0.008753
0.015389
0.015874
0.013392
0.020060
0.009283
0.008572
0.022617
0.009744
0.016852
0.010132
0.038985
0.011082
0.022745
0.016575
0.016379
0.012186
0.023473
0.014217
0.015446
0.016870
0.015320
0.011757
0.010276
0.010552
0.009205
0.015010
0.012557
0.014872
0.007189
0.010418
0.008512
0.026977
0.009287
0.019105
0.014881
0.021554
0.017609
0.017254
0.016917
0.008919
0.009980
0.015262
0.015437
0.019883
0.012098
0.008635
0.013313
0.016509
0.017606
0.012615
0.020729
0.025320
0.090551
0.016416
0.036591
0.023174
0.020123
0.014170
0.019566
0.014277
0.010564
0.011217
0.019092
0.025050
0.019543
0.010209
0.022943
0.026028
0.010564
0.022664
0.025117
0.027334
0.009885
0.012536
0.031503
0.022648
0.027753
0.010535
0.024587
0.009238
0.011190
0.014944
0.010498
0.025340
0.014927
0.012306
0.016355
0.040558
0.018971
0.010775
0.029495
0.017757
0.017427
0.015875
0.010722
0.018506
0.008801
0.029915
0.027481
0.025479
0.011650
0.010450
0.026215
0.019222
0.018852
0.030721
0.014023
0.010678
0.012845
0.013924
0.014688
0.012559
0.017112
0.014774
0.010574
0.018178
0.013860
0.012881
0.101886
0.023153
0.011299
0.009884
0.023669
0.017901
0.018806
0.011975
0.020703
0.015996
0.008462
0.020186
0.014494
0.012984
0.014907
0.017226
0.010890
0.009655
0.011083
0.017041
0.015386
0.014521
0.017057
0.026853
0.019085
0.008694
0.010070
0.013366
0.042006
0.011514
0.026550
0.014601
0.010704
0.009211
0.010224
0.011169
0.010429
0.015335
0.009140
0.022268
0.011629
0.015450
0.026192
0.015749
0.011786
0.023151
0.012454
0.013636
0.021410
0.010212
0.025427
0.014805
0.017258
0.016906
0.010489
0.030809
0.012624
0.012810
0.011326
0.014396
0.014162
0.015656
0.015845
0.034589
0.008473
0.017211
0.027420
0.015827
0.015414
0.018089
0.010912
0.035740
0.009672
0.015702
0.010274
0.013819
0.017668
0.011581
0.010845
0.011346
0.019115
0.009982
0.017129
0.020290
0.013713
0.017475
0.009748
0.016045
0.014837
0.012705
0.010751
0.016564
0.015284
0.010394
0.019377
0.011124
0.014607
0.011538
0.013101
0.012790
0.010562
0.021730
0.016026
0.009016
0.019596
0.010036
0.018195
0.017192
0.018884
0.010351
0.015959
0.008992
0.011104
0.011528
0.015734
0.016947
0.010579
0.021835
0.017545
0.018956
0.018327
0.009310
0.019319
0.018226
0.036997
0.017054
0.020996
0.010415
0.009920
0.013494
0.009871
0.020297
0.023068
0.040457
0.010459
0.008665
0.016210
0.010191
0.019492
0.010554
0.010946
0.011236
0.017985
0.017136
0.024283
0.010294
0.018871
0.011102
0.017606
0.015569
0.012716
0.024639
0.014189
0.014107
0.009056
0.014497
0.018878
0.047062
0.028595
0.022791
0.010085
0.022301
0.008764
0.019962
0.022868
0.018067
0.021107
0.013239
0.031898
0.017126
0.009285
0.024813
0.009085
0.024938
0.012023
0.010170
0.027574
0.024798
0.011300
0.019045
0.021173
0.089260
0.024091
0.019144
0.020290
0.015860
0.010596
0.013800
0.027480
0.011864
0.023100
0.014331
0.016337
0.010353
0.017288
0.010825
0.029269
0.011154
0.013805
0.025209
0.017503
0.018116
0.011466
0.010042
0.014465
0.011137
0.060382
0.016929
0.010577
0.010269
0.026196
0.010035
0.019174
0.018202
0.019332
0.017628
0.014508
0.027362
0.009597
0.019718
0.018335
0.009203
0.041184
0.017987
0.010986
0.014066
0.008914
0.026346
0.016196
0.027596
0.021463
0.016441
0.011317
0.021284
0.016441
0.025874
0.024185
0.015631
0.021354
0.063489
0.009929
0.024358
0.010036
0.016014
0.019340
0.015609
0.012160
0.067291
0.057196
0.014980
0.010229
0.011141
0.015889
0.016726
0.010738
0.029784
0.015778
0.020738
0.019148
0.037153
0.015464
0.010865
0.013536
0.015426
0.015282
0.016122
0.012777
0.015264
0.012019
0.012862
0.019952
0.010455
0.015205
0.022958
0.015224
0.011764
0.010399
0.021233
0.009316
0.012488
0.014698
0.027442
0.010727
0.015549
0.019256
0.013283
0.022252
0.012051
0.024069
0.017665
0.015813
0.011203
0.017947
0.010342
0.016297
0.008665
0.010595
0.011879
0.008995
0.013557
0.013897
0.013777
0.016695
0.018480
0.018825
0.019881
0.011270
0.026557
0.009528
0.021023
0.010416
0.012848
0.011054
0.011367
0.015908
0.010194
0.024351
0.029515
0.024466
0.049753
0.017690
0.012614
0.012958
0.087125
0.036523
0.010610
0.020000
0.019075
0.019171
0.020834
0.010615
0.012631
0.011097
0.011341
0.010965
0.019312
0.043971
0.032785
0.019221
0.013868
0.010612
0.010490
0.015048
0.014460
0.019289
0.016543
0.013553
0.011116
0.018039
0.012002
0.012705
0.010686
0.010942
0.017364
0.016858
0.037476
0.011973
0.019673
0.010890
0.021582
0.011507
0.021475
0.015935
0.018399
0.017874
0.022796
0.008423
0.017766
0.014449
0.016822
0.011870
0.010244
0.020488
0.013704
0.017927
0.010669
0.011689
0.026179
0.013505
0.025228
0.010184
0.014147
0.016184
0.010008
0.010805
0.015124
0.011322
0.023371
0.011502
0.011021
0.025894
0.013628
0.022156
0.009479
0.012143
0.014997
0.011059
0.010638
0.007998
0.011760
0.010863
0.018472
0.011638
0.035122
0.011526
0.010699
0.012874
0.011962
0.012598
0.013367
0.032888
0.015205
0.011740
0.014732
0.014644
0.016937
0.010625
0.009354
0.012946
0.010089
0.028840
0.024268
0.010407
0.019828
0.016110
0.011171
0.019827
0.019962
0.026102
0.017325
0.021975
0.010369
0.016213
0.018710
0.009289
0.012902
0.017830
0.011130
0.016546
0.009158
0.015246
0.013525
0.012273
0.016876
0.014482
0.017606
0.010158
0.019486
0.009664
0.016157
0.013647
