54.869968
48.316334
33.699381
33.450636
51.520578
30.052537
39.576929
90.955560
63.598349
28.444112
79.530465
31.788740
68.520009
44.236903
32.987146
29.872141
67.356033
27.369784
21.666660
39.941569
68.838042
40.709993
20.573126
15.325585
56.050005
36.174251
28.017132
15.586556
81.335766
92.681782
34.508031
34.233040
62.579303
38.168122
40.302267
30.734308
49.095284
26.809878
38.828884
15.245919
64.716480
45.412554
31.056631
28.761534
120.261305
35.834340
36.559741
15.110469
64.945540
36.245939
65.808484
26.073120
65.348029
36.711156
41.479058
26.527212
69.749252
44.527166
37.602991
30.054054
84.565482
35.855103
121.161163
26.381066
72.069106
45.719400
33.040724
16.861991
75.288586
37.340700
26.752246
37.824972
69.896521
41.302994
35.018753
15.188015
65.373898
44.884544
33.634162
83.478271
52.042849
27.993968
55.705754
37.544864
67.161166
37.758515
37.823333
26.548275
63.443479
42.253286
38.260672
15.418936
85.336447
195.275229
33.151017
44.300750
66.833223
27.649526
38.133307
39.159551
63.391885
46.700714
27.915798
35.335926
62.101590
45.640250
36.078022
27.482511
65.185064
43.353454
18.512444
15.005663
68.080355
45.258305
31.858844
76.758492
72.479759
39.578641
22.027140
30.259378
69.577810
43.787725
18.638115
39.778294
54.783500
35.053166
21.163301
15.665753
64.749366
38.796520
90.009024
31.338272
52.766264
27.340801
30.328984
39.778830
63.328588
40.013212
30.061333
27.984144
52.457738
34.292980
35.019115
15.168343
55.314735
29.264108
42.681859
35.695449
53.646916
27.796413
36.129856
28.488548
123.498659
35.974165
39.128848
14.700925
80.831283
30.494393
22.480334
29.007844
63.799667
28.252358
39.706955
14.944016
121.990328
40.478465
34.887788
15.581751
66.663203
47.268228
38.942806
41.429382
53.045364
35.598088
23.008786
16.596334
56.562988
30.098813
37.604266
15.196904
66.390171
48.729983
33.213405
27.342031
72.938541
61.084416
33.656211
51.317406
57.419426
30.032998
83.935748
27.157860
70.200529
28.525185
20.958196
31.319942
66.303903
41.925184
36.962667
16.049561
56.003979
43.244112
39.278336
31.094327
68.356605
43.346684
95.698894
30.065355
54.185577
48.839719
31.588319
30.075796
69.326952
37.462094
36.374596
35.048875
69.383678
45.716929
37.123787
30.794427
57.615813
29.116024
57.738621
100.007141
64.462612
37.346124
21.437674
17.121858
61.206542
31.562739
19.298024
25.129541
59.938043
44.313167
37.044016
14.679975
54.287305
37.123154
21.038935
35.018620
66.924803
45.641012
19.018533
28.825058
64.686667
45.286871
33.460315
31.653702
68.978182
85.785975
36.645878
28.324470
93.429873
44.678030
32.564757
26.268028
67.916203
26.796201
34.588129
15.394867
57.579034
29.733995
93.213097
16.776392
61.962486
42.738944
35.774506
30.036873
64.744745
37.851713
20.101661
14.253592
88.014277
51.128323
36.042744
29.041192
52.948191
37.711392
36.287895
103.227549
65.254234
43.386294
87.933187
29.487926
69.838618
61.086823
38.247427
31.736089
72.208121
42.218199
45.344518
16.348803
60.223365
37.542521
68.011046
46.964640
68.303877
80.249129
30.920173
29.655433
109.113679
59.756351
27.790495
14.945890
50.685639
83.841144
99.799024
33.903117
64.638423
38.649397
21.863920
16.980384
94.464859
46.348174
34.990514
51.909455
54.282445
42.112816
39.353480
29.356339
54.877630
41.314510
36.064444
29.389249
64.831654
29.878736
34.294077
16.665557
60.574014
36.473691
35.159612
15.380710
50.294940
39.709403
36.230605
35.675300
67.210022
45.658628
33.308200
30.062681
65.524427
44.168456
21.628106
38.174401
70.835407
29.029022
29.054921
32.550677
68.750766
82.406977
35.174464
16.462279
52.950491
41.869360
35.725750
37.112658
73.816456
74.788180
38.732266
21.139529
67.848224
36.297348
37.127630
30.401247
78.593856
36.966676
23.948696
28.642386
66.300437
38.698273
37.515170
25.775194
64.983973
41.892399
21.681660
16.147974
67.883997
90.817349
21.697541
28.127563
63.098597
28.810535
21.114942
16.349103
53.824251
39.691473
34.813014
26.780257
69.493906
43.563077
35.391260
41.754672
67.988039
39.041450
36.335915
39.494233
70.929266
42.665182
33.041483
31.526642
67.952632
43.314425
27.880867
15.925626
119.534043
39.246208
21.656066
16.176838
67.496479
32.928188
36.965683
28.042200
82.508951
28.134852
36.821919
33.735358
63.976545
42.934332
36.580045
16.200718
110.829864
27.896649
34.318993
16.524820
64.693577
42.806819
21.818229
16.725471
54.134334
40.922954
20.516968
31.739482
80.041728
38.323770
36.211704
15.862826
80.832896
40.549332
85.576988
20.086873
66.921658
44.438312
20.453439
173.370269
74.490491
45.121486
37.535255
32.549016
66.507360
27.921715
34.966769
30.562914
53.658940
41.984759
20.463656
26.748783
63.040845
40.004633
19.507159
29.928267
56.332129
29.992691
22.507386
35.003307
67.587152
28.888476
36.478840
26.494156
69.162526
44.269962
40.930045
39.808117
61.365406
41.210332
40.470740
30.894399
50.062546
27.746334
38.715489
15.209042
69.354952
37.851630
38.599416
15.868913
52.414568
37.101348
20.544716
39.158968
54.807868
29.459082
20.195448
38.381349
62.951328
38.917650
20.479444
33.651531
55.940053
36.742318
35.244240
39.674274
63.762980
36.612811
36.743234
15.676119
65.796277
41.619840
27.856026
34.299331
69.417701
28.451669
33.009270
16.957177
61.711418
51.851253
35.575761
34.327014
65.702501
47.980256
29.740185
15.281416
65.865874
26.698147
58.892820
34.831516
66.803972
41.095014
97.097110
29.508908
67.236728
39.606129
36.187073
26.701598
120.840572
38.103382
37.069591
15.107066
67.265855
89.736250
20.332009
30.876563
67.773270
36.993955
21.178944
34.512307
50.849353
36.633593
34.762813
40.386292
68.893496
41.164531
35.538777
30.411891
55.250897
42.044220
21.962806
92.834718
61.403498
29.057224
22.021954
27.855570
54.567903
43.899825
36.742702
31.399796
86.429255
43.271451
33.405641
15.258066
110.274960
33.607139
20.486956
98.028482
60.592243
29.266932
32.906272
16.593502
64.696290
41.032831
87.147144
186.618106
71.415700
27.605049
37.724778
33.145030
71.493275
43.621580
36.887926
32.134811
66.036957
28.973441
38.456894
16.164415
71.154295
36.276441
34.907848
14.924847
69.455386
59.698033
32.922531
16.792120
54.905802
41.887210
35.617578
16.415301
65.300211
34.989941
35.620832
33.946917
65.150915
40.383364
20.075938
39.048411
64.218452
41.845151
35.725281
78.519221
65.740417
35.552258
34.272734
35.220995
54.173631
43.338215
32.273994
40.554047
60.014106
29.304333
34.046479
16.383583
64.151663
36.831648
36.381953
15.342655
82.025832
38.823031
33.555759
82.815512
60.557618
39.633124
34.806669
34.770181
54.544159
46.888351
20.474209
41.180635
53.289122
26.728396
36.287133
15.645322
62.625423
47.330186
33.047709
28.514350
77.019208
34.770504
33.937836
27.364176
79.929788
27.694988
35.153591
15.450389
56.608201
31.436895
21.722612
38.725187
55.119220
45.788068
39.984480
38.448787
68.805739
42.588442
33.320714
33.391501
95.322021
128.642122
26.533574
42.256759
67.924204
45.020442
40.165489
16.013202
70.059768
29.045454
40.801233
36.945895
65.407290
42.687060
32.452998
38.640106
58.140703
26.169032
19.462809
35.061986
67.477208
36.202032
56.789662
37.885847
53.087631
61.660144
20.270174
35.338132
71.321218
34.144324
34.841910
29.623054
65.142424
37.482297
33.202822
25.904582
68.935858
27.071340
35.574349
35.760385
65.410880
35.056744
27.525627
14.578553
71.233414
40.673078
35.776279
17.106883
56.788905
39.621892
37.294410
33.499401
51.936551
26.910739
36.338459
26.093313
62.956770
28.291719
29.112048
33.398655
52.201712
28.449392
29.751697
15.807028
62.802231
26.976182
18.872831
73.793037
67.328854
35.423332
20.396896
14.892398
64.481664
27.903088
36.450270
15.006808
55.107746
30.954777
37.114199
39.193408
62.736723
28.148484
20.186783
22.645089
54.461591
86.265019
28.287681
41.273669
77.212761
37.163616
93.593615
25.498274
63.111977
28.199733
23.003445
39.354181
55.772821
37.122204
35.970194
16.148033
65.388560
44.318430
20.828314
32.126939
77.544094
43.075745
35.657870
34.210186
53.537827
44.407206
32.274144
15.540157
71.356004
43.894708
33.824630
98.655057
50.455102
38.919153
37.878804
15.705429
73.746783
35.847079
36.866965
16.005661
77.708663
27.597934
33.919604
39.697125
