0.035330
0.001748
0.000687
0.000683
0.000724
0.000706
0.000801
0.000731
0.000692
0.000690
0.000807
0.000695
0.000680
0.000695
0.000690
0.000817
0.000835
0.000735
0.000889
0.000817
0.000685
0.000693
0.000736
0.000693
0.000696
0.000688
0.000744
0.000685
0.000877
0.000680
0.000690
0.000679
0.000708
0.000688
0.000695
0.000686
0.000691
0.000683
0.000865
0.000806
0.000689
0.000702
0.000700
0.000700
0.000686
0.000693
0.000715
0.000684
0.000685
0.000790
0.000702
0.000685
0.000841
0.000693
0.000685
0.000787
0.000696
0.000702
0.000697
0.000694
0.000684
0.000684
0.000800
0.000795
0.000696
0.000682
0.000689
0.000706
0.000690
0.000713
0.000724
0.000687
0.000771
0.000704
0.000697
0.000698
0.000700
0.000680
0.000692
0.000700
0.000809
0.000692
0.000722
0.000695
0.000697
0.000688
0.000690
0.000688
0.000681
0.000694
0.000858
0.000688
0.000679
0.000688
0.000860
0.000678
0.000688
0.000699
0.000703
0.000705
0.000693
0.000850
0.000695
0.000682
0.000836
0.000684
0.001032
0.000709
0.000691
0.000679
0.000851
0.000699
0.000718
0.000701
0.000679
0.000863
0.000719
0.000873
0.000693
0.000688
0.000688
0.000885
0.000807
0.000685
0.000707
0.000693
0.000702
0.000692
0.000709
0.000817
0.000806
0.000808
0.000823
0.000734
0.000696
0.000850
0.000692
0.000703
0.000762
0.000735
0.000690
0.000850
0.000692
0.000705
0.000695
0.000701
0.000695
0.000797
0.000702
0.000756
0.000708
0.000691
0.000693
0.000702
0.000715
0.000682
0.000799
0.000740
0.000687
0.000682
0.000693
0.000775
0.000687
0.000692
0.000811
0.000681
0.000736
0.000689
0.000682
0.000685
0.000692
0.000698
0.000699
0.000714
0.000696
0.000685
0.000687
0.000693
0.000684
0.000696
0.000698
0.000688
0.000729
0.000690
0.000687
0.000840
0.000686
0.000825
0.000683
0.000689
0.000681
0.000699
0.000708
0.000704
0.000683
0.000685
0.000803
0.000687
0.000896
0.000826
0.000691
0.000677
0.000683
0.000698
0.000680
0.000688
0.000851
0.000867
0.000686
0.000682
0.000741
0.000773
0.000701
0.000689
0.000809
0.000687
0.000681
0.000702
0.000685
0.000682
0.000804
0.000857
0.000690
0.000691
0.000693
0.000696
0.000794
0.000683
0.000762
0.000697
0.000691
0.000692
0.000685
0.000699
0.000689
0.000691
0.000684
0.000713
0.000703
0.000858
0.000687
0.000838
0.000686
0.000683
0.000682
0.000679
0.000831
0.000679
0.000681
0.000682
0.000830
0.000705
0.000698
0.000839
0.000685
0.000680
0.000803
0.000681
0.000723
0.000798
0.000696
0.000874
0.000677
0.000683
0.000734
0.000685
0.000833
0.000679
0.000862
0.000695
0.000866
0.000846
0.000679
0.000690
0.000694
0.000799
0.000685
0.000811
0.000734
0.000688
0.000812
0.000710
0.000823
0.000690
0.000751
0.000687
0.000684
0.000762
0.000704
0.000707
0.000684
0.000699
0.000686
0.000830
0.000716
0.000851
0.000820
0.000677
0.000738
0.000688
0.000682
0.000705
0.000845
0.000812
0.000715
0.000741
0.000697
0.000678
0.000774
0.000685
0.000683
0.000684
0.000720
0.000819
0.000686
0.000678
0.000810
0.000684
0.000702
0.000850
0.000677
0.000805
0.000862
0.000683
0.000685
0.000683
0.000835
0.000678
0.000687
0.000687
0.000745
0.000689
0.000707
0.000686
0.000702
0.000698
0.000689
0.000744
0.000685
0.000810
0.000814
0.000886
0.000686
0.000686
0.000686
0.000682
0.000712
0.000720
0.000820
0.000880
0.000684
0.000686
0.000838
0.000692
0.000734
0.000686
0.000704
0.000895
0.000686
0.000853
0.000685
0.000807
0.000683
0.000737
0.000681
0.000689
0.000695
0.000829
0.000687
0.000846
0.000691
0.000797
0.000687
0.000701
0.000687
0.000897
0.000729
0.000679
0.000694
0.000682
0.000742
0.000694
0.000690
0.000851
0.000686
0.000818
0.001168
0.000770
0.000673
0.000683
0.000691
0.000698
0.000695
0.000681
0.000808
0.000831
0.000870
0.000684
0.000685
0.000816
0.000830
0.000812
0.000689
0.000734
0.000817
0.000690
0.000910
0.000820
0.000687
0.000702
0.000695
0.000688
0.000832
0.000688
0.000693
0.000727
0.000814
0.000859
0.000692
0.000802
0.000777
0.000730
0.000832
0.000681
0.000876
0.000828
0.000698
0.000847
0.000816
0.000797
0.000793
0.000774
0.000839
0.000681
0.000799
0.000813
0.001164
0.000692
0.000701
0.000679
0.000691
0.000805
0.000730
0.000701
0.000687
0.000699
0.000681
0.000842
0.000682
0.000804
0.000758
0.000682
0.000696
0.000694
0.000681
0.000684
0.000694
0.000683
0.000693
0.000803
0.000682
0.000685
0.000818
0.000706
0.000688
0.000863
0.000705
0.000714
0.000848
0.000795
0.000714
0.000684
0.000680
0.000688
0.000834
0.000682
0.000698
0.000681
0.000840
0.000689
0.000678
0.000824
0.000770
0.000724
0.000863
0.000689
0.000676
0.000687
0.000696
0.000810
0.000819
0.000744
0.000682
0.000804
0.000754
0.000684
0.000704
0.000680
0.000684
0.000700
0.000691
0.000829
0.000697
0.000683
0.000691
0.000684
0.000694
0.000737
0.000811
0.000807
0.000801
0.000820
0.000683
0.000683
0.000686
0.000680
0.000679
0.000687
0.000696
0.000899
0.000702
0.000683
0.000678
0.000725
0.000679
0.000927
0.000685
0.000818
0.000893
0.000823
0.000690
0.000684
0.000798
0.000851
0.000806
0.000674
0.000692
0.000672
0.000678
0.000819
0.000812
0.000686
0.000687
0.000690
0.000674
0.000687
0.000685
0.000682
0.000714
0.000684
0.000678
0.000686
0.000747
0.000814
0.000681
0.000688
0.000689
0.000699
0.000693
0.000688
0.000673
0.000797
0.000697
0.000681
0.000680
0.000679
0.000686
0.000693
0.000682
0.000779
0.000686
0.000691
0.000795
0.000685
0.000697
0.000807
0.000786
0.000806
0.000693
0.000888
0.000686
0.000793
0.000779
0.000682
0.000691
0.000681
0.000677
0.000730
0.000761
0.000686
0.000674
0.000687
0.000681
0.000681
0.000804
0.000691
0.000688
0.000672
0.000692
0.000688
0.000723
0.000817
0.000682
0.000683
0.000689
0.000699
0.000678
0.000722
0.000743
0.000793
0.000672
0.000823
0.000697
0.000672
0.000708
0.000688
0.000699
0.000845
0.000691
0.000684
0.000816
0.000686
0.000672
0.000776
0.000680
0.000740
0.000845
0.000694
0.000810
0.000680
0.000788
0.000689
0.000682
0.000776
0.000686
0.000806
0.000868
0.000793
0.000684
0.000684
0.000827
0.000697
0.000677
0.000831
0.000693
0.000856
0.000685
0.000675
0.000707
0.000685
0.000685
0.000678
0.000747
0.000682
0.000707
0.000842
0.000689
0.000678
0.000776
0.000900
0.000686
0.000692
0.000688
0.000710
0.000676
0.000795
0.000682
0.000805
0.000685
0.000682
0.000735
0.000822
0.000698
0.000677
0.000688
0.000689
0.000680
0.000689
0.000702
0.000674
0.000690
0.000689
0.000677
0.000819
0.000702
0.000694
0.000675
0.000672
0.000675
0.000702
0.000711
0.000815
0.000684
0.000679
0.000683
0.000775
0.000679
0.000751
0.000680
0.000682
0.000703
0.000676
0.000724
0.000679
0.000681
0.000685
0.000685
0.000699
0.000696
0.000689
0.000681
0.000687
0.000674
0.000701
0.000801
0.000688
0.000672
0.000820
0.000724
0.000695
0.000684
0.000686
0.000675
0.000675
0.000683
0.000679
0.000682
0.000698
0.000690
0.000689
0.000854
0.000762
0.000724
0.000675
0.000679
0.000808
0.000679
0.000674
0.000680
0.000689
0.000679
0.000869
0.000684
0.000675
0.000679
0.000814
0.000687
0.000711
0.000691
0.000683
0.000695
0.000690
0.000860
0.000689
0.000692
0.000680
0.000686
0.000685
0.000793
0.000859
0.000851
0.000685
0.000671
0.000686
0.000691
0.000806
0.000681
0.000680
0.000672
0.000787
0.000791
0.000711
0.000684
0.000809
0.000791
0.000669
0.000866
0.000799
0.000676
0.000691
0.000832
0.000679
0.000699
0.000677
0.000684
0.000726
0.000685
0.000732
0.000722
0.000694
0.000689
0.000675
0.000689
0.000687
0.000689
0.000689
0.000707
0.000706
0.000701
0.000796
