0.660879
0.539465
0.542880
0.522555
0.506876
0.511621
0.541261
0.537774
0.537760
0.534319
0.569780
0.525161
0.539994
0.522941
0.537486
0.531152
0.536553
0.503800
0.599670
0.503234
0.544673
0.543028
0.530325
0.550818
0.550552
0.500463
0.508209
0.516317
0.551616
0.518717
0.544191
0.519849
0.521572
0.521973
0.546106
0.548891
0.523891
0.530998
0.557026
0.511036
0.501316
0.531580
0.508836
0.549120
0.509166
0.545948
0.527478
0.540324
0.547881
0.529074
0.540120
0.519911
0.538943
0.565826
0.531249
0.524969
0.541123
0.519295
0.528692
0.506277
0.524261
0.573967
0.550145
0.560805
0.503297
0.506905
0.514280
0.546241
0.516850
0.520830
0.536704
0.538190
0.508626
0.530807
0.564430
0.550491
0.550566
0.529166
0.563135
0.521004
0.526431
0.527663
0.519440
0.539479
0.566082
0.588081
0.602928
0.543066
0.530401
0.537130
0.523990
0.521579
0.518997
0.560501
0.515823
0.537396
0.539335
0.501567
0.524980
0.520286
0.540942
0.531119
0.535800
0.547765
0.535861
0.505909
0.505818
0.526799
0.524032
0.521498
0.564038
0.518411
0.522614
0.519792
0.507561
0.508673
0.547749
0.558975
0.557844
0.535135
0.533069
0.543340
0.572922
0.516710
0.518826
0.518389
0.555356
0.572775
0.532357
0.528488
0.539250
0.531827
0.546559
0.525369
0.521744
0.533978
0.514041
0.505977
0.553959
0.509767
0.515949
0.591382
0.528799
0.517432
0.536520
0.547110
0.540084
0.550637
0.570181
0.547191
0.565793
0.544395
0.532958
0.513979
0.518382
0.523228
0.565583
0.536306
0.542406
0.536569
0.565148
0.531056
0.528189
0.527671
0.581900
0.531063
0.532579
0.529278
0.560472
0.530342
0.573859
0.544813
0.519960
0.549077
0.547023
0.550616
0.539898
0.522653
0.532254
0.525203
0.512396
0.550161
0.511539
0.529846
0.526812
0.541798
0.538763
0.558205
0.551634
0.518294
0.513586
0.544486
0.548315
0.524181
0.521198
0.528829
0.564962
0.526519
0.518287
0.556787
0.525394
0.538915
0.519022
0.521994
0.545267
0.571112
0.543922
0.558423
0.503264
0.523946
0.511349
0.522107
0.557328
0.539380
0.532189
0.530484
0.502002
0.528379
0.511736
0.515939
0.553574
0.546116
0.592543
0.551238
0.531773
0.508556
0.587717
0.511180
0.521985
0.527074
0.544918
0.522241
0.542236
0.565815
0.543852
0.534658
0.518610
0.506747
0.507222
0.542886
0.507164
0.560889
0.535268
0.560138
0.520331
0.536125
0.536260
0.529282
0.501847
0.507857
0.521661
0.564848
0.523427
0.587090
0.536386
0.549319
0.513367
0.531846
0.535807
0.512321
0.524578
0.542919
0.558002
0.542696
0.521708
0.537146
0.532943
0.531267
0.556266
0.527131
0.557586
0.563551
0.532628
0.520879
0.532758
0.547221
0.527577
0.543589
0.519776
0.533245
0.509400
0.544430
0.513058
0.545942
0.560828
0.542157
0.533277
0.590581
0.540705
0.523566
0.516488
0.529904
0.543556
0.535775
0.542915
0.534760
0.513364
0.506796
0.539306
0.523768
0.520966
0.539760
0.573554
0.594151
0.519131
0.517221
0.515237
0.529059
0.539306
0.526993
0.551224
0.520542
0.510965
0.530286
0.527411
0.518552
0.535428
0.569680
0.506170
0.572427
0.510510
0.517663
0.564529
0.510319
0.569150
0.579889
0.530028
0.529116
0.530769
0.528721
0.559195
0.530671
0.571263
0.568927
0.595801
0.564518
0.553711
0.552822
0.566981
0.522669
0.519050
0.537780
0.522599
0.546923
0.562780
0.520535
0.561414
0.528431
0.549562
0.588954
0.540077
0.566524
0.519215
0.542305
0.542649
0.503374
0.541810
0.535466
0.523238
0.548748
0.526933
0.526587
0.519455
0.523916
0.534355
0.578506
0.532566
0.578053
0.515937
0.552454
0.522947
0.522643
0.565978
0.583766
0.550718
0.584022
0.509593
0.508788
0.512259
0.521159
0.561234
0.544968
0.530492
0.520158
0.531650
0.545564
0.531935
0.547076
0.528339
0.556580
0.547135
0.522252
0.545854
0.544267
0.518529
0.534694
0.565782
0.548092
0.570300
0.565882
0.553434
0.540805
0.541500
0.555971
0.529378
0.573805
0.563045
0.545992
0.544427
0.532615
0.577430
0.527945
0.533066
0.549511
0.537605
0.545028
0.536330
0.534182
0.531902
0.521984
0.519762
0.532729
0.574739
0.536325
0.518545
0.523623
0.530812
0.577410
0.550464
0.563758
0.561976
0.609082
0.563420
0.576478
0.527620
0.546532
0.531283
0.531113
0.530701
0.549009
0.567266
0.554710
0.567311
0.527459
0.559111
0.547130
0.568377
0.524447
0.512907
0.545304
0.527059
0.529803
0.523694
0.525187
0.540123
0.549586
0.520009
0.545257
0.533682
0.511946
0.547863
0.574558
0.589990
0.581779
0.537131
0.536518
0.569954
0.574320
0.550942
0.583375
0.543219
0.528745
0.512263
0.568109
0.562743
0.546395
0.596843
0.577727
0.535095
0.571650
0.537137
0.592585
0.590017
0.530448
0.551310
0.541664
0.528634
0.597336
0.518286
0.553678
0.532693
0.524113
0.531342
0.532336
0.533195
0.566389
0.521646
0.541390
0.520004
0.535664
0.556657
0.538527
0.597734
0.538605
0.523374
0.522761
0.531172
0.545435
0.528055
0.583535
0.535180
0.582881
0.536152
0.529276
0.534869
0.530471
0.526653
0.544651
0.580598
0.597015
0.533546
0.550626
0.548812
0.544782
0.532074
0.580556
0.570903
0.547675
0.597816
0.547419
0.526797
0.562238
0.565894
0.546362
0.554650
0.555887
0.526810
0.537402
0.539786
0.564447
0.555819
0.571614
0.577680
0.582466
0.515148
0.523589
0.547713
0.520296
0.546143
0.544899
0.573953
0.562206
0.506909
0.521378
0.548426
0.553447
0.543384
0.534025
0.548437
0.532707
0.532129
0.546711
0.531321
0.553961
0.545963
0.550901
0.595201
0.580472
0.525514
0.557061
0.540879
0.529169
0.574740
0.537429
0.573330
0.602724
0.583120
0.560041
0.549902
0.550361
0.520867
0.551197
0.567410
0.518953
0.555039
0.571437
0.536271
0.542876
0.526197
0.523555
0.537316
0.572227
0.557004
0.565603
0.577358
0.590766
0.548695
0.527094
0.532482
0.539267
0.530924
0.557073
0.556260
0.546335
0.535303
0.551853
0.566065
0.547981
0.546503
0.541205
0.564687
0.539165
0.570680
0.531279
0.568461
0.549538
0.553706
0.556912
0.524785
0.538049
0.536841
0.533608
0.538841
0.555951
0.539134
0.564450
0.528251
0.572117
0.563511
0.528345
0.574389
0.529105
0.523641
0.594851
0.535389
0.539577
0.551479
0.544064
0.566654
0.534247
0.538451
0.518327
0.517203
0.527897
0.542807
0.529107
0.538361
0.548164
0.516781
0.530159
0.516505
0.540667
0.534031
0.539472
0.591142
0.542327
0.534039
0.516495
0.578248
0.546712
0.555576
0.581175
0.535072
0.532277
0.557824
0.554130
0.518422
0.536253
0.575082
0.546231
0.559619
0.537087
0.511070
0.515436
0.533658
0.579561
0.550858
0.534380
0.543644
0.536637
0.523663
0.519434
0.522717
0.528049
0.559224
0.543424
0.532574
0.535944
0.529357
0.546008
0.545806
0.565668
0.548311
0.554726
0.532810
0.560203
0.534292
0.560736
0.532722
0.538108
0.536832
0.536906
0.552309
0.534411
0.547428
0.573939
0.535303
0.545555
0.558169
0.538821
0.555762
0.533530
0.522477
0.558256
0.582097
0.555298
0.530457
0.555426
0.537249
0.543960
0.527622
0.550570
0.533192
0.529456
0.552521
0.560574
0.567563
0.553825
0.528804
0.515156
0.567615
0.531250
0.554496
0.554630
0.570043
0.550533
0.529674
0.520565
0.539257
0.532019
0.539259
0.532876
0.568382
0.535451
0.536072
0.524594
0.563197
0.532890
0.532238
0.521464
0.521821
0.557807
0.533687
0.577227
0.555789
0.560219
0.546409
0.544779
0.560318
0.564068
0.547129
0.547960
0.551459
0.605669
0.544309
0.519006
0.534261
0.538931
0.584885
0.577772
0.559326
0.556999
0.537633
0.582620
0.571092
0.530704
0.585062
0.532923
0.559317
0.544260
0.533797
0.542437
0.529595
0.545011
0.563510
0.532897
0.562648
0.553403
0.517585
0.527850
0.542923
0.536097
0.528628
0.527540
0.535635
0.536787
0.559871
0.535869
0.542408
0.533749
